================================================================
  NN-Descent Experiment Report
  Generated: Wed Apr 15 21:44:56 2026
================================================================

--- Configuration ---
n=1000000 dim=960 k=10
init=Random metric=Euclidean
rho=0.5 delta=0.001 max_iter=20
filter=projection m=32 pτ=0.85

--- Summary ---
init_dist_comps=10000000 init_time=28.1605s
iterations=17 total_dist=1048448732 total_filtered=498509423
total_time=808.5588s final_recall=0.560344

--- Per-Iteration ---
Iter  Updates   DistComps     Filtered      Rate%     CumulDist     Recall    
------------------------------------------------------------------------------
1     35022501  120683475     74323464      38.11     130683475     0.0004    
2     17962820  146633196     66919454      31.34     277316671     0.0043    
3     13687803  140472935     64478042      31.46     417789606     0.0271    
4     10566956  136892976     64167722      31.91     554682582     0.1012    
5     7584431   131583167     60733971      31.58     686265749     0.2286    
6     4690791   122394730     55731483      31.29     808660479     0.3571    
7     2629517   98555251      45772938      31.71     907215730     0.4471    
8     1401402   63285186      29792898      32.01     970500916     0.4995    
9     738454    35788372      16892013      32.07     1006289288    0.5280    
10    391128    19470149      9154594       31.98     1025759437    0.5431    
11    209841    10476856      4897136       31.85     1036236293    0.5511    
12    112981    5666136       2635499       31.75     1041902429    0.5554    
13    62286     3076208       1419027       31.57     1044978637    0.5577    
14    34294     1696053       782366        31.57     1046674690    0.5590    
15    19217     939206        429370        31.37     1047613896    0.5597    
16    11142     527374        241944        31.45     1048141270    0.5601    
17    6407      307462        137502        30.90     1048448732    0.5603    

--- CSV ---
iter,dist_comps,filtered,filter_rate,updates,cumul_dist,recall
1,120683475,74323464,0.381132,35022501,130683475,0.000400
2,146633196,66919454,0.313363,17962820,277316671,0.004283
3,140472935,64478042,0.314602,13687803,417789606,0.027068
4,136892976,64167722,0.319146,10566956,554682582,0.101243
5,131583167,60733971,0.315801,7584431,686265749,0.228620
6,122394730,55731483,0.312876,4690791,808660479,0.357073
7,98555251,45772938,0.317145,2629517,907215730,0.447091
8,63285186,29792898,0.320085,1401402,970500916,0.499485
9,35788372,16892013,0.320651,738454,1006289288,0.527960
10,19470149,9154594,0.319814,391128,1025759437,0.543060
11,10476856,4897136,0.318534,209841,1036236293,0.551122
12,5666136,2635499,0.317467,112981,1041902429,0.555409
13,3076208,1419027,0.315674,62286,1044978637,0.557732
14,1696053,782366,0.315671,34294,1046674690,0.559002
15,939206,429370,0.313735,19217,1047613896,0.559711
16,527374,241944,0.314492,11142,1048141270,0.560114
17,307462,137502,0.309018,6407,1048448732,0.560344

================================================================
