================================================================
  NN-Descent Experiment Report
  Generated: Fri Apr 10 02:08:59 2026
================================================================

--- Configuration ---
n=1000000 dim=960 k=10
init=RP-Tree metric=Euclidean
rho=0.5 delta=0.001 max_iter=20
filter=projection m=32 pτ=0.8

--- Summary ---
init_dist_comps=192719736 init_time=337.1029s
iterations=10 total_dist=636949780 total_filtered=258513926
total_time=681.7148s final_recall=0.000000

--- Per-Iteration ---
Iter  Updates   DistComps     Filtered      Rate%     CumulDist     Recall    
------------------------------------------------------------------------------
1     7497528   133110801     74795037      35.98     325830537     0.0000    
2     4316299   126606036     72696168      36.48     452436573     0.0000    
3     2042865   92071276      54217354      37.06     544507849     0.0000    
4     878438    50527492      30808444      37.88     595035341     0.0000    
5     379305    23607930      14710260      38.39     618643271     0.0000    
6     165490    10470607      6489923       38.26     629113878     0.0000    
7     72925     4553278       2801143       38.09     633667156     0.0000    
8     32376     1997235       1219317       37.91     635664391     0.0000    
9     14468     887796        536179        37.65     636552187     0.0000    
10    6437      397593        240101        37.65     636949780     0.0000    

--- CSV ---
iter,dist_comps,filtered,filter_rate,updates,cumul_dist,recall
1,133110801,74795037,0.359754,7497528,325830537,0.000000
2,126606036,72696168,0.364753,4316299,452436573,0.000000
3,92071276,54217354,0.370619,2042865,544507849,0.000000
4,50527492,30808444,0.378780,878438,595035341,0.000000
5,23607930,14710260,0.383898,379305,618643271,0.000000
6,10470607,6489923,0.382649,165490,629113878,0.000000
7,4553278,2801143,0.380879,72925,633667156,0.000000
8,1997235,1219317,0.379076,32376,635664391,0.000000
9,887796,536179,0.376537,14468,636552187,0.000000
10,397593,240101,0.376514,6437,636949780,0.000000

================================================================
