================================================================
  NN-Descent Experiment Report
  Generated: Sun Mar 22 22:19:48 2026
================================================================

--- Configuration ---
n=1000000 dim=960 k=10
init=Random metric=Euclidean
rho=0.5 delta=0.001 max_iter=20
filter=OFF

--- Summary ---
init_dist_comps=10000000 init_time=9.7735s
iterations=17 total_dist=1463687597 total_filtered=0
total_time=1003.6091s final_recall=0.571287

--- Per-Iteration ---
Iter  Updates   DistComps     Filtered      Rate%     CumulDist     Recall    
------------------------------------------------------------------------------
1     35694387  195005875     0             0.00      205005875     0.0004    
2     18067476  196154880     0             0.00      401160755     0.0042    
3     13765518  188961630     0             0.00      590122385     0.0259    
4     10665374  185213463     0             0.00      775335848     0.0968    
5     7723116   176175894     0             0.00      951511742     0.2207    
6     4842178   163191846     0             0.00      1114703588    0.3495    
7     2775402   135576501     0             0.00      1250280089    0.4435    
8     1525645   91338754      0             0.00      1341618843    0.5004    
9     831157    53989928      0             0.00      1395608771    0.5324    
10    453973    30428194      0             0.00      1426036965    0.5500    
11    250133    16864410      0             0.00      1442901375    0.5596    
12    139445    9376612       0             0.00      1452277987    0.5649    
13    79269     5238045       0             0.00      1457516032    0.5679    
14    44314     2988885       0             0.00      1460504917    0.5695    
15    25241     1674849       0             0.00      1462179766    0.5705    
16    14471     952859        0             0.00      1463132625    0.5710    
17    8610      554972        0             0.00      1463687597    0.5713    

--- CSV ---
iter,dist_comps,filtered,filter_rate,updates,cumul_dist,recall
1,195005875,0,0.000000,35694387,205005875,0.000400
2,196154880,0,0.000000,18067476,401160755,0.004172
3,188961630,0,0.000000,13765518,590122385,0.025908
4,185213463,0,0.000000,10665374,775335848,0.096799
5,176175894,0,0.000000,7723116,951511742,0.220733
6,163191846,0,0.000000,4842178,1114703588,0.349537
7,135576501,0,0.000000,2775402,1250280089,0.443505
8,91338754,0,0.000000,1525645,1341618843,0.500381
9,53989928,0,0.000000,831157,1395608771,0.532417
10,30428194,0,0.000000,453973,1426036965,0.549992
11,16864410,0,0.000000,250133,1442901375,0.559631
12,9376612,0,0.000000,139445,1452277987,0.564943
13,5238045,0,0.000000,79269,1457516032,0.567905
14,2988885,0,0.000000,44314,1460504917,0.569545
15,1674849,0,0.000000,25241,1462179766,0.570460
16,952859,0,0.000000,14471,1463132625,0.570984
17,554972,0,0.000000,8610,1463687597,0.571287

================================================================
