================================================================
  NN-Descent Experiment Report
  Generated: Thu Apr 16 00:30:09 2026
================================================================

--- Configuration ---
n=1000000 dim=960 k=10
init=RP-Tree metric=Euclidean
rho=0.5 delta=0.001 max_iter=20
filter=projection m=32 pτ=0.65

--- Summary ---
init_dist_comps=192719736 init_time=336.7814s
iterations=10 total_dist=535629498 total_filtered=343106121
total_time=622.1870s final_recall=0.565187

--- Per-Iteration ---
Iter  Updates   DistComps     Filtered      Rate%     CumulDist     Recall    
------------------------------------------------------------------------------
1     6838829   102786571     105119267     50.56     295506307     0.3225    
2     4000781   98396349      96531611      49.52     393902656     0.4417    
3     1909344   70961174      69672821      49.54     464863830     0.5090    
4     830223    38650337      38924235      50.18     503514167     0.5404    
5     360026    18078386      18578394      50.68     521592553     0.5544    
6     157456    8027099       8232911       50.63     529619652     0.5605    
7     69092     3512541       3553188       50.29     533132193     0.5633    
8     30021     1535911       1541066       50.08     534668104     0.5645    
9     13212     668599        660725        49.70     535336703     0.5650    
10    5980      292795        291903        49.92     535629498     0.5652    

--- CSV ---
iter,dist_comps,filtered,filter_rate,updates,cumul_dist,recall
1,102786571,105119267,0.505610,6838829,295506307,0.322455
2,98396349,96531611,0.495217,4000781,393902656,0.441748
3,70961174,69672821,0.495419,1909344,464863830,0.509004
4,38650337,38924235,0.501765,830223,503514167,0.540393
5,18078386,18578394,0.506820,360026,521592553,0.554392
6,8027099,8232911,0.506329,157456,529619652,0.560549
7,3512541,3553188,0.502876,69092,533132193,0.563283
8,1535911,1541066,0.500838,30021,534668104,0.564453
9,668599,660725,0.497038,13212,535336703,0.564963
10,292795,291903,0.499237,5980,535629498,0.565187

================================================================
