================================================================
  NN-Descent Experiment Report
  Generated: Sat Apr  4 16:55:40 2026
================================================================

--- Configuration ---
n=1000000 dim=960 k=10
init=RP-Tree metric=Euclidean
rho=0.5 delta=0.001 max_iter=20
filter=OFF

--- Summary ---
init_dist_comps=192719736 init_time=320.5507s
iterations=10 total_dist=909605599 total_filtered=0
total_time=817.3149s final_recall=0.646560

--- Per-Iteration ---
Iter  Updates   DistComps     Filtered      Rate%     CumulDist     Recall    
------------------------------------------------------------------------------
1     8084381   207905838     0             0.00      400625574     0.3432    
2     4606634   201971390     0             0.00      602596964     0.4894    
3     2170956   150776867     0             0.00      753373831     0.5745    
4     931958    84814826      0             0.00      838188657     0.6146    
5     403056    40214941      0             0.00      878403598     0.6326    
6     176339    17884119      0             0.00      896287717     0.6406    
7     77221     7778754       0             0.00      904066471     0.6440    
8     34245     3384290       0             0.00      907450761     0.6456    
9     15292     1489288       0             0.00      908940049     0.6462    
10    6863      665550        0             0.00      909605599     0.6466    

--- CSV ---
iter,dist_comps,filtered,filter_rate,updates,cumul_dist,recall
1,207905838,0,0.000000,8084381,400625574,0.343197
2,201971390,0,0.000000,4606634,602596964,0.489430
3,150776867,0,0.000000,2170956,753373831,0.574479
4,84814826,0,0.000000,931958,838188657,0.614640
5,40214941,0,0.000000,403056,878403598,0.632644
6,17884119,0,0.000000,176339,896287717,0.640590
7,7778754,0,0.000000,77221,904066471,0.644045
8,3384290,0,0.000000,34245,907450761,0.645570
9,1489288,0,0.000000,15292,908940049,0.646249
10,665550,0,0.000000,6863,909605599,0.646560

================================================================
