================================================================
  NN-Descent Experiment Report
  Generated: Sun Mar 22 21:10:10 2026
================================================================

--- Configuration ---
n=1000000 dim=960 k=10
init=Random metric=Euclidean
rho=0.5 delta=0.001 max_iter=20
filter=OFF

--- Summary ---
init_dist_comps=10000000 init_time=9.7053s
iterations=18 total_dist=1364902453 total_filtered=0
total_time=941.9510s final_recall=0.548998

--- Per-Iteration ---
Iter  Updates   DistComps     Filtered      Rate%     CumulDist     Recall    
------------------------------------------------------------------------------
1     35691479  194920728     0             0.00      204920728     0.0004    
2     17444833  175602577     0             0.00      380523305     0.0040    
3     13344035  172285992     0             0.00      552809297     0.0235    
4     10394318  168650124     0             0.00      721459421     0.0867    
5     7610822   158826828     0             0.00      880286249     0.1986    
6     4878256   145713856     0             0.00      1026000105    0.3194    
7     2871539   123222251     0             0.00      1149222356    0.4112    
8     1639333   87018364      0             0.00      1236240720    0.4694    
9     928369    53911943      0             0.00      1290152663    0.5037    
10    525937    31753064      0             0.00      1321905727    0.5232    
11    301539    18315184      0             0.00      1340220911    0.5344    
12    172913    10561851      0             0.00      1350782762    0.5407    
13    101060    6087579       0             0.00      1356870341    0.5443    
14    59012     3565609       0             0.00      1360435950    0.5464    
15    34540     2077894       0             0.00      1362513844    0.5476    
16    20699     1219760       0             0.00      1363733604    0.5483    
17    12362     731771        0             0.00      1364465375    0.5488    
18    7208      437078        0             0.00      1364902453    0.5490    

--- CSV ---
iter,dist_comps,filtered,filter_rate,updates,cumul_dist,recall
1,194920728,0,0.000000,35691479,204920728,0.000400
2,175602577,0,0.000000,17444833,380523305,0.003965
3,172285992,0,0.000000,13344035,552809297,0.023509
4,168650124,0,0.000000,10394318,721459421,0.086659
5,158826828,0,0.000000,7610822,880286249,0.198613
6,145713856,0,0.000000,4878256,1026000105,0.319366
7,123222251,0,0.000000,2871539,1149222356,0.411199
8,87018364,0,0.000000,1639333,1236240720,0.469446
9,53911943,0,0.000000,928369,1290152663,0.503700
10,31753064,0,0.000000,525937,1321905727,0.523217
11,18315184,0,0.000000,301539,1340220911,0.534362
12,10561851,0,0.000000,172913,1350782762,0.540685
13,6087579,0,0.000000,101060,1356870341,0.544296
14,3565609,0,0.000000,59012,1360435950,0.546390
15,2077894,0,0.000000,34540,1362513844,0.547604
16,1219760,0,0.000000,20699,1363733604,0.548335
17,731771,0,0.000000,12362,1364465375,0.548757
18,437078,0,0.000000,7208,1364902453,0.548998

================================================================
