================================================================
  NN-Descent Experiment Report
  Generated: Wed Apr 15 23:46:27 2026
================================================================

--- Configuration ---
n=1000000 dim=960 k=10
init=RP-Tree metric=Euclidean
rho=0.5 delta=0.001 max_iter=20
filter=projection m=32 pτ=0.85

--- Summary ---
init_dist_comps=192719736 init_time=336.6914s
iterations=10 total_dist=677810497 total_filtered=221956192
total_time=708.5563s final_recall=0.619996

--- Per-Iteration ---
Iter  Updates   DistComps     Filtered      Rate%     CumulDist     Recall    
------------------------------------------------------------------------------
1     7679673   145063881     62841957      30.23     337783617     0.3372    
2     4401654   137910674     62346762      31.13     475694291     0.4747    
3     2079055   100648105     47029241      31.85     576342396     0.5538    
4     895916    55445999      26921572      32.68     631788395     0.5908    
5     385521    25990558      12924505      33.21     657778953     0.6073    
6     167524    11491527      5708547       33.19     669270480     0.6145    
7     73397     4984521       2446951       32.93     674255001     0.6177    
8     32473     2170047       1061943       32.86     676425048     0.6191    
9     14495     957985        468055        32.82     677383033     0.6197    
10    6406      427464        206659        32.59     677810497     0.6200    

--- CSV ---
iter,dist_comps,filtered,filter_rate,updates,cumul_dist,recall
1,145063881,62841957,0.302262,7679673,337783617,0.337193
2,137910674,62346762,0.311333,4401654,475694291,0.474741
3,100648105,47029241,0.318459,2079055,576342396,0.553776
4,55445999,26921572,0.326847,895916,631788395,0.590826
5,25990558,12924505,0.332121,385521,657778953,0.607327
6,11491527,5708547,0.331891,167524,669270480,0.614548
7,4984521,2446951,0.329269,73397,674255001,0.617694
8,2170047,1061943,0.328572,32473,676425048,0.619107
9,957985,468055,0.328220,14495,677383033,0.619730
10,427464,206659,0.325897,6406,677810497,0.619996

================================================================
