================================================================
  NN-Descent Experiment Report
  Generated: Sat Apr  4 11:53:04 2026
================================================================

--- Configuration ---
n=100000 dim=960 k=10
init=Random metric=Euclidean
rho=0.5 delta=0.001 max_iter=20
filter=OFF

--- Summary ---
init_dist_comps=1000000 init_time=0.8096s
iterations=12 total_dist=126011828 total_filtered=0
total_time=70.1311s final_recall=0.783193

--- Per-Iteration ---
Iter  Updates   DistComps     Filtered      Rate%     CumulDist     Recall    
------------------------------------------------------------------------------
1     3567747   19500500      0             0.00      20500500      0.0039    
2     1845227   21324674      0             0.00      41825174      0.0399    
3     1332328   20466318      0             0.00      62291492      0.1922    
4     834391    20742019      0             0.00      83033511      0.4418    
5     410907    20346614      0             0.00      103380125     0.6338    
6     162229    13380313      0             0.00      116760438     0.7250    
7     59553     5680027       0             0.00      122440465     0.7606    
8     22330     2196725       0             0.00      124637190     0.7743    
9     9007      838660        0             0.00      125475850     0.7797    
10    3694      338759        0             0.00      125814609     0.7819    
11    1497      138810        0             0.00      125953419     0.7828    
12    605       58409         0             0.00      126011828     0.7832    

--- CSV ---
iter,dist_comps,filtered,filter_rate,updates,cumul_dist,recall
1,19500500,0,0.000000,3567747,20500500,0.003948
2,21324674,0,0.000000,1845227,41825174,0.039883
3,20466318,0,0.000000,1332328,62291492,0.192162
4,20742019,0,0.000000,834391,83033511,0.441792
5,20346614,0,0.000000,410907,103380125,0.633836
6,13380313,0,0.000000,162229,116760438,0.725024
7,5680027,0,0.000000,59553,122440465,0.760620
8,2196725,0,0.000000,22330,124637190,0.774261
9,838660,0,0.000000,9007,125475850,0.779712
10,338759,0,0.000000,3694,125814609,0.781945
11,138810,0,0.000000,1497,125953419,0.782837
12,58409,0,0.000000,605,126011828,0.783193

================================================================
