================================================================
  NN-Descent Experiment Report
  Generated: Sun Apr  5 13:14:12 2026
================================================================

--- Configuration ---
n=1000000 dim=960 k=10
init=Random metric=Euclidean
rho=0.5 delta=0.001 max_iter=20
filter=projection m=32 pτ=0.9

--- Summary ---
init_dist_comps=10000000 init_time=28.6770s
iterations=17 total_dist=1143027704 total_filtered=405335311
total_time=877.8648s final_recall=0.571965

--- Per-Iteration ---
Iter  Updates   DistComps     Filtered      Rate%     CumulDist     Recall    
------------------------------------------------------------------------------
1     35307705  132434300     62572639      32.09     142434300     0.0004    
2     18187368  159741526     53706956      25.16     302175826     0.0043    
3     13856946  152906482     51682487      25.26     455082308     0.0274    
4     10687581  149087655     51676480      25.74     604169963     0.1030    
5     7667804   143201156     49003368      25.50     747371119     0.2330    
6     4735446   133395247     45160828      25.29     880766366     0.3642    
7     2650565   107761049     37352930      25.74     988527415     0.4563    
8     1413320   69248934      24322236      25.99     1057776349    0.5099    
9     742099    39187658      13803293      26.05     1096964007    0.5389    
10    392774    21273405      7460797       25.96     1118237412    0.5544    
11    210582    11432483      3988859       25.87     1129669895    0.5626    
12    113907    6193432       2138362       25.67     1135863327    0.5669    
13    62529     3366395       1164784       25.71     1139229722    0.5693    
14    34879     1856851       636677        25.53     1141086573    0.5706    
15    19438     1037121       354462        25.47     1142123694    0.5713    
16    10869     579959        199871        25.63     1142703653    0.5717    
17    6136      324051        110282        25.39     1143027704    0.5720    

--- CSV ---
iter,dist_comps,filtered,filter_rate,updates,cumul_dist,recall
1,132434300,62572639,0.320874,35307705,142434300,0.000400
2,159741526,53706956,0.251616,18187368,302175826,0.004296
3,152906482,51682487,0.252616,13856946,455082308,0.027404
4,149087655,51676480,0.257399,10687581,604169963,0.103048
5,143201156,49003368,0.254954,7667804,747371119,0.233030
6,133395247,45160828,0.252922,4735446,880766366,0.364167
7,107761049,37352930,0.257404,2650565,988527415,0.456289
8,69248934,24322236,0.259933,1413320,1057776349,0.509889
9,39187658,13803293,0.260484,742099,1096964007,0.538936
10,21273405,7460797,0.259649,392774,1118237412,0.554364
11,11432483,3988859,0.258658,210582,1129669895,0.562554
12,6193432,2138362,0.256651,113907,1135863327,0.566915
13,3366395,1164784,0.257060,62529,1139229722,0.569290
14,1856851,636677,0.255332,34879,1141086573,0.570601
15,1037121,354462,0.254719,19438,1142123694,0.571334
16,579959,199871,0.256301,10869,1142703653,0.571740
17,324051,110282,0.253911,6136,1143027704,0.571965

================================================================
