================================================================
  NN-Descent Experiment Report
  Generated: Thu Apr 16 00:40:16 2026
================================================================

--- Configuration ---
n=1000000 dim=960 k=10
init=RP-Tree metric=Euclidean
rho=0.5 delta=0.001 max_iter=20
filter=projection m=32 pτ=0.6

--- Summary ---
init_dist_comps=192719736 init_time=336.8361s
iterations=10 total_dist=506270028 total_filtered=365426780
total_time=602.9994s final_recall=0.548614

--- Per-Iteration ---
Iter  Updates   DistComps     Filtered      Rate%     CumulDist     Recall    
------------------------------------------------------------------------------
1     6581115   93869818      114036020     54.85     286589554     0.3177    
2     3873961   90083120      102726671     53.28     376672674     0.4314    
3     1859845   64855073      73338703      53.07     441527747     0.4953    
4     811445    35313234      40836108      53.63     476840981     0.5251    
5     351851    16525144      19472989      54.09     493366125     0.5383    
6     154647    7326412       8602575       54.01     500692537     0.5441    
7     68565     3225977       3739621       53.69     503918514     0.5467    
8     30660     1431476       1630549       53.25     505349990     0.5479    
9     13558     638821        724311        53.14     505988811     0.5484    
10    6043      281217        319233        53.17     506270028     0.5486    

--- CSV ---
iter,dist_comps,filtered,filter_rate,updates,cumul_dist,recall
1,93869818,114036020,0.548498,6581115,286589554,0.317705
2,90083120,102726671,0.532788,3873961,376672674,0.431392
3,64855073,73338703,0.530695,1859845,441527747,0.495259
4,35313234,40836108,0.536263,811445,476840981,0.525065
5,16525144,19472989,0.540944,351851,493366125,0.538284
6,7326412,8602575,0.540058,154647,500692537,0.544140
7,3225977,3739621,0.536870,68565,503918514,0.546737
8,1431476,1630549,0.532507,30660,505349990,0.547884
9,638821,724311,0.531358,13558,505988811,0.548383
10,281217,319233,0.531656,6043,506270028,0.548614

================================================================
