================================================================
  NN-Descent Experiment Report
  Generated: Wed Apr 15 23:09:19 2026
================================================================

--- Configuration ---
n=1000000 dim=960 k=10
init=RP-Tree metric=Euclidean
rho=0.5 delta=0.001 max_iter=20
filter=projection m=32 pτ=0.99

--- Summary ---
init_dist_comps=192719736 init_time=336.4505s
iterations=10 total_dist=859634711 total_filtered=49552458
total_time=816.0885s final_recall=0.645714

--- Per-Iteration ---
Iter  Updates   DistComps     Filtered      Rate%     CumulDist     Recall    
------------------------------------------------------------------------------
1     8069101   195321744     12584094      6.05      388041480     0.3430    
2     4597870   188078460     13843722      6.86      576119940     0.4890    
3     2168069   139661125     10999491      7.30      715781065     0.5739    
4     931041    78249693      6513739       7.68      794030758     0.6139    
5     401453    36964053      3175118       7.91      830994811     0.6318    
6     175877    16364267      1405205       7.91      847359078     0.6397    
7     77826     7145717       604813        7.80      854504795     0.6432    
8     34055     3144063       261913        7.69      857648858     0.6447    
9     15187     1374068       114345        7.68      859022926     0.6454    
10    6747      611785        50018         7.56      859634711     0.6457    

--- CSV ---
iter,dist_comps,filtered,filter_rate,updates,cumul_dist,recall
1,195321744,12584094,0.060528,8069101,388041480,0.343041
2,188078460,13843722,0.068560,4597870,576119940,0.488973
3,139661125,10999491,0.073008,2168069,715781065,0.573903
4,78249693,6513739,0.076846,931041,794030758,0.613908
5,36964053,3175118,0.079103,401453,830994811,0.631822
6,16364267,1405205,0.079080,175877,847359078,0.639740
7,7145717,604813,0.078035,77826,854504795,0.643233
8,3144063,261913,0.076898,34055,857648858,0.644744
9,1374068,114345,0.076823,15187,859022926,0.645415
10,611785,50018,0.075578,6747,859634711,0.645714

================================================================
