================================================================
  NN-Descent Experiment Report
  Generated: Fri Apr  3 16:15:13 2026
================================================================

--- Configuration ---
n=100000 dim=960 k=10
init=Random metric=Euclidean
rho=0.5 delta=0.001 max_iter=20
filter=projection m=32 pτ=0.99

--- Summary ---
init_dist_comps=1000000 init_time=3.0814s
iterations=12 total_dist=115966514 total_filtered=10009882
total_time=83.4678s final_recall=0.783110

--- Per-Iteration ---
Iter  Updates   DistComps     Filtered      Rate%     CumulDist     Recall    
------------------------------------------------------------------------------
1     3565872   16969851      2530649       12.98     17969851      0.0039    
2     1843008   19739589      1585591       7.44      37709440      0.0399    
3     1330864   19004674      1471892       7.19      56714114      0.1926    
4     832905    19302593      1435559       6.92      76016707      0.4419    
5     410732    18959211      1386163       6.81      94975918      0.6340    
6     162104    12421390      949902        7.10      107397308     0.7254    
7     59579     5278866       400530        7.05      112676174     0.7611    
8     22293     2035032       154778        7.07      114711206     0.7746    
9     8569      778438        58707         7.01      115489644     0.7798    
10    3432      304153        23237         7.10      115793797     0.7819    
11    1398      121876        9104          6.95      115915673     0.7828    
12    581       50841         3770          6.90      115966514     0.7831    

--- CSV ---
iter,dist_comps,filtered,filter_rate,updates,cumul_dist,recall
1,16969851,2530649,0.129774,3565872,17969851,0.003948
2,19739589,1585591,0.074353,1843008,37709440,0.039881
3,19004674,1471892,0.071882,1330864,56714114,0.192592
4,19302593,1435559,0.069223,832905,76016707,0.441933
5,18959211,1386163,0.068132,410732,94975918,0.633995
6,12421390,949902,0.071040,162104,107397308,0.725371
7,5278866,400530,0.070523,59579,112676174,0.761076
8,2035032,154778,0.070681,22293,114711206,0.774580
9,778438,58707,0.070128,8569,115489644,0.779820
10,304153,23237,0.070977,3432,115793797,0.781909
11,121876,9104,0.069507,1398,115915673,0.782754
12,50841,3770,0.069034,581,115966514,0.783110

================================================================
