================================================================
  NN-Descent Experiment Report
  Generated: Sun Mar 22 20:09:30 2026
================================================================

--- Configuration ---
n=1000000 dim=960 k=10
init=Random metric=Euclidean
rho=0.5 delta=0.001 max_iter=20
filter=projection m=16 pτ=0.8

--- Summary ---
init_dist_comps=10000000 init_time=18.9523s
iterations=17 total_dist=1027177402 total_filtered=522028682
total_time=770.4836s final_recall=0.528479

--- Per-Iteration ---
Iter  Updates   DistComps     Filtered      Rate%     CumulDist     Recall    
------------------------------------------------------------------------------
1     34055735  112603627     82403312      42.26     122603627     0.0004    
2     17433879  140156056     73838932      34.50     262759683     0.0041    
3     13344236  136854827     68937870      33.50     399614510     0.0257    
4     10338030  135056427     66664087      33.05     534670937     0.0951    
5     7460361   130203620     62041273      32.27     664874557     0.2142    
6     4648593   121198087     56156001      31.66     786072644     0.3349    
7     2627847   98105603      45664684      31.76     884178247     0.4201    
8     1408449   63647120      29720355      31.83     947825367     0.4700    
9     746923    36228204      16838817      31.73     984053571     0.4972    
10    395838    19792665      9129568       31.57     1003846236    0.5116    
11    213306    10683806      4889411       31.40     1014530042    0.5194    
12    116216    5807971       2650731       31.34     1020338013    0.5236    
13    65008     3188157       1442664       31.15     1023526170    0.5259    
14    36124     1781335       804887        31.12     1025307505    0.5272    
15    20260     996078        451627        31.20     1026303583    0.5279    
16    11431     559350        252190        31.08     1026862933    0.5283    
17    6443      314469        142273        31.15     1027177402    0.5285    

--- CSV ---
iter,dist_comps,filtered,filter_rate,updates,cumul_dist,recall
1,112603627,82403312,0.422566,34055735,122603627,0.000399
2,140156056,73838932,0.345050,17433879,262759683,0.004145
3,136854827,68937870,0.334987,13344236,399614510,0.025660
4,135056427,66664087,0.330477,10338030,534670937,0.095133
5,130203620,62041273,0.322720,7460361,664874557,0.214209
6,121198087,56156001,0.316632,4648593,786072644,0.334869
7,98105603,45664684,0.317623,2627847,884178247,0.420131
8,63647120,29720355,0.318316,1408449,947825367,0.470016
9,36228204,16838817,0.317312,746923,984053571,0.497202
10,19792665,9129568,0.315659,395838,1003846236,0.511620
11,10683806,4889411,0.313963,213306,1014530042,0.519384
12,5807971,2650731,0.313373,116216,1020338013,0.523598
13,3188157,1442664,0.311535,65008,1023526170,0.525893
14,1781335,804887,0.311221,36124,1025307505,0.527162
15,996078,451627,0.311961,20260,1026303583,0.527862
16,559350,252190,0.310755,11431,1026862933,0.528262
17,314469,142273,0.311495,6443,1027177402,0.528479

================================================================
