================================================================
  NN-Descent Experiment Report
  Generated: Tue Mar 31 21:35:03 2026
================================================================

--- Configuration ---
n=10000 dim=960 k=30
init=Random metric=Euclidean
rho=0.5 delta=0.001 max_iter=20
filter=OFF

--- Summary ---
init_dist_comps=300000 init_time=0.4065s
iterations=10 total_dist=14463967 total_filtered=0
total_time=12.1945s final_recall=0.931773

--- Per-Iteration ---
Iter  Updates   DistComps     Filtered      Rate%     CumulDist     Recall    
------------------------------------------------------------------------------
1     609006    1050000       0             0.00      1350000       0.0242    
2     504181    2201250       0             0.00      3551250       0.1648    
3     297615    2520800       0             0.00      6072050       0.4824    
4     141126    3014494       0             0.00      9086544       0.7495    
5     50820     2963632       0             0.00      12050176      0.8692    
6     16958     1653714       0             0.00      13703890      0.9130    
7     4981      547547        0             0.00      14251437      0.9262    
8     1482      153758        0             0.00      14405195      0.9302    
9     453       45010         0             0.00      14450205      0.9314    
10    146       13762         0             0.00      14463967      0.9318    

--- CSV ---
iter,dist_comps,filtered,filter_rate,updates,cumul_dist,recall
1,1050000,0,0.000000,609006,1350000,0.024207
2,2201250,0,0.000000,504181,3551250,0.164750
3,2520800,0,0.000000,297615,6072050,0.482447
4,3014494,0,0.000000,141126,9086544,0.749523
5,2963632,0,0.000000,50820,12050176,0.869220
6,1653714,0,0.000000,16958,13703890,0.913003
7,547547,0,0.000000,4981,14251437,0.926197
8,153758,0,0.000000,1482,14405195,0.930207
9,45010,0,0.000000,453,14450205,0.931400
10,13762,0,0.000000,146,14463967,0.931773

================================================================
