================================================================
  NN-Descent Experiment Report
  Generated: Tue Mar 31 21:35:31 2026
================================================================

--- Configuration ---
n=10000 dim=960 k=30
init=Random metric=Euclidean
rho=0.5 delta=0.001 max_iter=20
filter=projection m=16 pτ=0.95

--- Summary ---
init_dist_comps=300000 init_time=0.5438s
iterations=10 total_dist=12995707 total_filtered=1418944
total_time=11.9075s final_recall=0.919373

--- Per-Iteration ---
Iter  Updates   DistComps     Filtered      Rate%     CumulDist     Recall    
------------------------------------------------------------------------------
1     605561    938628        111372        10.61     1238628       0.0242    
2     500140    1957193       249555        11.31     3195821       0.1628    
3     295398    2267947       265289        10.47     5463768       0.4797    
4     139562    2740132       278801        9.24      8203900       0.7434    
5     49456     2687302       269096        9.10      10891202      0.8595    
6     16325     1447450       165842        10.28     12338652      0.9011    
7     4978      469001        56324         10.72     12807653      0.9141    
8     1468      137545        16537         10.73     12945198      0.9180    
9     400       39678         4859          10.91     12984876      0.9190    
10    132       10831         1269          10.49     12995707      0.9194    

--- CSV ---
iter,dist_comps,filtered,filter_rate,updates,cumul_dist,recall
1,938628,111372,0.106069,605561,1238628,0.024200
2,1957193,249555,0.113087,500140,3195821,0.162803
3,2267947,265289,0.104723,295398,5463768,0.479653
4,2740132,278801,0.092351,139562,8203900,0.743393
5,2687302,269096,0.091022,49456,10891202,0.859540
6,1447450,165842,0.102797,16325,12338652,0.901087
7,469001,56324,0.107217,4978,12807653,0.914090
8,137545,16537,0.107326,1468,12945198,0.917990
9,39678,4859,0.109100,400,12984876,0.919033
10,10831,1269,0.104876,132,12995707,0.919373

================================================================
