================================================================
  NN-Descent Experiment Report
  Generated: Fri Apr  3 16:16:47 2026
================================================================

--- Configuration ---
n=100000 dim=960 k=10
init=Random metric=Euclidean
rho=0.5 delta=0.001 max_iter=20
filter=projection m=32 pτ=0.95

--- Summary ---
init_dist_comps=1000000 init_time=3.3652s
iterations=12 total_dist=103288493 total_filtered=22645792
total_time=82.4798s final_recall=0.775488

--- Per-Iteration ---
Iter  Updates   DistComps     Filtered      Rate%     CumulDist     Recall    
------------------------------------------------------------------------------
1     3552927   14752770      4747730       24.35     15752770      0.0039    
2     1831915   17624731      3703196       17.36     33377501      0.0398    
3     1320408   16975588      3509490       17.13     50353089      0.1910    
4     827318    17255570      3470902       16.75     67608659      0.4378    
5     408155    16969913      3356779       16.51     84578572      0.6284    
6     161546    11061201      2277591       17.07     95639773      0.7182    
7     59222     4701693       966731        17.05     100341466     0.7532    
8     22527     1802658       376702        17.28     102144124     0.7667    
9     9023      700169        144527        17.11     102844293     0.7722    
10    3540      285599        59081         17.14     103129892     0.7743    
11    1427      113064        23742         17.35     103242956     0.7751    
12    585       45537         9321          16.99     103288493     0.7755    

--- CSV ---
iter,dist_comps,filtered,filter_rate,updates,cumul_dist,recall
1,14752770,4747730,0.243467,3552927,15752770,0.003947
2,17624731,3703196,0.173631,1831915,33377501,0.039790
3,16975588,3509490,0.171319,1320408,50353089,0.190966
4,17255570,3470902,0.167462,827318,67608659,0.437828
5,16969913,3356779,0.165141,408155,84578572,0.628418
6,11061201,2277591,0.170749,161546,95639773,0.718159
7,4701693,966731,0.170547,59222,100341466,0.753193
8,1802658,376702,0.172850,22527,102144124,0.766725
9,700169,144527,0.171099,9023,102844293,0.772189
10,285599,59081,0.171408,3540,103129892,0.774302
11,113064,23742,0.173545,1427,103242956,0.775147
12,45537,9321,0.169911,585,103288493,0.775488

================================================================
