================================================================
  NN-Descent Experiment Report
  Generated: Thu Apr  9 22:57:57 2026
================================================================

--- Configuration ---
n=1000000 dim=960 k=10
init=Random metric=Euclidean
rho=0.5 delta=0.001 max_iter=20
filter=projection m=32 pτ=0.75

--- Summary ---
init_dist_comps=10000000 init_time=28.1862s
iterations=17 total_dist=897963207 total_filtered=646307613
total_time=715.5558s final_recall=0.000000

--- Per-Iteration ---
Iter  Updates   DistComps     Filtered      Rate%     CumulDist     Recall    
------------------------------------------------------------------------------
1     34311509  102202099     92804840      47.59     112202099     0.0000    
2     17441843  125365788     88453554      41.37     237567887     0.0000    
3     13299207  120472253     85256663      41.44     358040140     0.0000    
4     10298525  117527615     84343405      41.78     475567755     0.0000    
5     7399982   112917967     79330490      41.26     588485722     0.0000    
6     4594873   104883353     72333615      40.82     693369075     0.0000    
7     2586354   84083700      58883611      41.19     777452775     0.0000    
8     1382852   54012254      38139517      41.39     831465029     0.0000    
9     728648    30553514      21592105      41.41     862018543     0.0000    
10    386130    16565380      11679116      41.35     878583923     0.0000    
11    207327    8921861       6242973       41.17     887505784     0.0000    
12    112366    4841462       3367061       41.02     892347246     0.0000    
13    61033     2649716       1836933       40.94     894996962     0.0000    
14    33905     1446641       998126        40.83     896443603     0.0000    
15    19152     806537        554173        40.73     897250140     0.0000    
16    10871     455504        312682        40.70     897705644     0.0000    
17    6046      257563        178749        40.97     897963207     0.0000    

--- CSV ---
iter,dist_comps,filtered,filter_rate,updates,cumul_dist,recall
1,102202099,92804840,0.475905,34311509,112202099,0.000000
2,125365788,88453554,0.413684,17441843,237567887,0.000000
3,120472253,85256663,0.414413,13299207,358040140,0.000000
4,117527615,84343405,0.417808,10298525,475567755,0.000000
5,112917967,79330490,0.412646,7399982,588485722,0.000000
6,104883353,72333615,0.408164,4594873,693369075,0.000000
7,84083700,58883611,0.411868,2586354,777452775,0.000000
8,54012254,38139517,0.413877,1382852,831465029,0.000000
9,30553514,21592105,0.414073,728648,862018543,0.000000
10,16565380,11679116,0.413501,386130,878583923,0.000000
11,8921861,6242973,0.411674,207327,887505784,0.000000
12,4841462,3367061,0.410191,112366,892347246,0.000000
13,2649716,1836933,0.409422,61033,894996962,0.000000
14,1446641,998126,0.408270,33905,896443603,0.000000
15,806537,554173,0.407268,19152,897250140,0.000000
16,455504,312682,0.407039,10871,897705644,0.000000
17,257563,178749,0.409682,6046,897963207,0.000000

================================================================
