================================================================
  NN-Descent Experiment Report
  Generated: Thu Apr  9 23:30:10 2026
================================================================

--- Configuration ---
n=1000000 dim=960 k=10
init=Random metric=Euclidean
rho=0.5 delta=0.001 max_iter=20
filter=projection m=32 pτ=0.6

--- Summary ---
init_dist_comps=10000000 init_time=28.0728s
iterations=17 total_dist=720883374 total_filtered=819087782
total_time=607.6835s final_recall=0.000000

--- Per-Iteration ---
Iter  Updates   DistComps     Filtered      Rate%     CumulDist     Recall    
------------------------------------------------------------------------------
1     32886010  80465180      114541759     58.74     90465180      0.0000    
2     16482887  99811493      114627119     53.45     190276673     0.0000    
3     12628339  96678080      110621664     53.36     286954753     0.0000    
4     9808489   94596392      108440568     53.41     381551145     0.0000    
5     7097785   91011498      101058821     52.62     472562643     0.0000    
6     4428951   84157444      91046876      51.97     556720087     0.0000    
7     2516369   67184972      73183052      52.14     623905059     0.0000    
8     1353793   43282508      47344750      52.24     667187567     0.0000    
9     718160    24597426      26829983      52.17     691784993     0.0000    
10    380415    13383700      14538347      52.07     705168693     0.0000    
11    203920    7219742       7778299       51.86     712388435     0.0000    
12    111119    3901934       4192781       51.80     716290369     0.0000    
13    61677     2143777       2292865       51.68     718434146     0.0000    
14    34119     1192288       1262848       51.44     719626434     0.0000    
15    19259     664387        703833        51.44     720290821     0.0000    
16    10992     375706        398038        51.44     720666527     0.0000    
17    6391      216847        226179        51.05     720883374     0.0000    

--- CSV ---
iter,dist_comps,filtered,filter_rate,updates,cumul_dist,recall
1,80465180,114541759,0.587373,32886010,90465180,0.000000
2,99811493,114627119,0.534545,16482887,190276673,0.000000
3,96678080,110621664,0.533631,12628339,286954753,0.000000
4,94596392,108440568,0.534093,9808489,381551145,0.000000
5,91011498,101058821,0.526155,7097785,472562643,0.000000
6,84157444,91046876,0.519661,4428951,556720087,0.000000
7,67184972,73183052,0.521366,2516369,623905059,0.000000
8,43282508,47344750,0.522412,1353793,667187567,0.000000
9,24597426,26829983,0.521706,718160,691784993,0.000000
10,13383700,14538347,0.520676,380415,705168693,0.000000
11,7219742,7778299,0.518621,203920,712388435,0.000000
12,3901934,4192781,0.517965,111119,716290369,0.000000
13,2143777,2292865,0.516802,61677,718434146,0.000000
14,1192288,1262848,0.514370,34119,719626434,0.000000
15,664387,703833,0.514415,19259,720290821,0.000000
16,375706,398038,0.514431,10992,720666527,0.000000
17,216847,226179,0.510532,6391,720883374,0.000000

================================================================
