================================================================
  NN-Descent Experiment Report
  Generated: Thu Apr 16 00:09:00 2026
================================================================

--- Configuration ---
n=1000000 dim=960 k=10
init=RP-Tree metric=Euclidean
rho=0.5 delta=0.001 max_iter=20
filter=projection m=32 pτ=0.75

--- Summary ---
init_dist_comps=192719736 init_time=336.7699s
iterations=10 total_dist=600313269 total_filtered=290170559
total_time=662.2022s final_recall=0.594905

--- Per-Iteration ---
Iter  Updates   DistComps     Filtered      Rate%     CumulDist     Recall    
------------------------------------------------------------------------------
1     7296696   122258076     85647762      41.20     314977812     0.3307    
2     4220422   116481800     81658882      41.21     431459612     0.4599    
3     2002782   84427330      60226505      41.63     515886942     0.5335    
4     863250    46185962      34019241      42.42     562072904     0.5678    
5     372060    21579359      16212796      42.90     583652263     0.5831    
6     162245    9513369       7140687       42.88     593165632     0.5898    
7     71767     4146273       3068819       42.53     597311905     0.5928    
8     31714     1833069       1341685       42.26     599144974     0.5941    
9     14086     807890        592590        42.31     599952864     0.5946    
10    6363      360405        261592        42.06     600313269     0.5949    

--- CSV ---
iter,dist_comps,filtered,filter_rate,updates,cumul_dist,recall
1,122258076,85647762,0.411955,7296696,314977812,0.330703
2,116481800,81658882,0.412126,4220422,431459612,0.459925
3,84427330,60226505,0.416349,2002782,515886942,0.533507
4,46185962,34019241,0.424153,863250,562072904,0.567839
5,21579359,16212796,0.428999,372060,583652263,0.583092
6,9513369,7140687,0.428766,162245,593165632,0.589774
7,4146273,3068819,0.425333,71767,597311905,0.592755
8,1833069,1341685,0.422611,31714,599144974,0.594062
9,807890,592590,0.423133,14086,599952864,0.594647
10,360405,261592,0.420568,6363,600313269,0.594905

================================================================
