================================================================
  NN-Descent Experiment Report
  Generated: Sun Mar 22 22:34:23 2026
================================================================

--- Configuration ---
n=1000000 dim=960 k=10
init=Random metric=Euclidean
rho=0.5 delta=0.001 max_iter=20
filter=OFF

--- Summary ---
init_dist_comps=10000000 init_time=9.7130s
iterations=19 total_dist=1250900443 total_filtered=0
total_time=871.8042s final_recall=0.520691

--- Per-Iteration ---
Iter  Updates   DistComps     Filtered      Rate%     CumulDist     Recall    
------------------------------------------------------------------------------
1     35593412  192308562     0             0.00      202308562     0.0004    
2     16620561  151392000     0             0.00      353700562     0.0037    
3     12839066  153772659     0             0.00      507473221     0.0205    
4     10057886  150142551     0             0.00      657615772     0.0745    
5     7478593   140091423     0             0.00      797707195     0.1720    
6     4926943   127204439     0             0.00      924911634     0.2818    
7     2994123   108987571     0             0.00      1033899205    0.3704    
8     1779049   81120330      0             0.00      1115019535    0.4300    
9     1052711   53185750      0             0.00      1168205285    0.4666    
10    623198    32978012      0             0.00      1201183297    0.4886    
11    371316    19948723      0             0.00      1221132020    0.5018    
12    222038    11995273      0             0.00      1233127293    0.5095    
13    134263    7197999       0             0.00      1240325292    0.5141    
14    81483     4350366       0             0.00      1244675658    0.5169    
15    49579     2642567       0             0.00      1247318225    0.5185    
16    30323     1604665       0             0.00      1248922890    0.5195    
17    18903     983156        0             0.00      1249906046    0.5201    
18    11794     612034        0             0.00      1250518080    0.5205    
19    7523      382363        0             0.00      1250900443    0.5207    

--- CSV ---
iter,dist_comps,filtered,filter_rate,updates,cumul_dist,recall
1,192308562,0,0.000000,35593412,202308562,0.000394
2,151392000,0,0.000000,16620561,353700562,0.003668
3,153772659,0,0.000000,12839066,507473221,0.020472
4,150142551,0,0.000000,10057886,657615772,0.074540
5,140091423,0,0.000000,7478593,797707195,0.171975
6,127204439,0,0.000000,4926943,924911634,0.281840
7,108987571,0,0.000000,2994123,1033899205,0.370442
8,81120330,0,0.000000,1779049,1115019535,0.429955
9,53185750,0,0.000000,1052711,1168205285,0.466623
10,32978012,0,0.000000,623198,1201183297,0.488641
11,19948723,0,0.000000,371316,1221132020,0.501769
12,11995273,0,0.000000,222038,1233127293,0.509518
13,7197999,0,0.000000,134263,1240325292,0.514112
14,4350366,0,0.000000,81483,1244675658,0.516854
15,2642567,0,0.000000,49579,1247318225,0.518499
16,1604665,0,0.000000,30323,1248922890,0.519479
17,983156,0,0.000000,18903,1249906046,0.520080
18,612034,0,0.000000,11794,1250518080,0.520455
19,382363,0,0.000000,7523,1250900443,0.520691

================================================================
