================================================================
  NN-Descent Experiment Report
  Generated: Wed Apr 15 20:51:08 2026
================================================================

--- Configuration ---
n=1000000 dim=960 k=10
init=Random metric=Euclidean
rho=0.5 delta=0.001 max_iter=20
filter=OFF

--- Summary ---
init_dist_comps=10000000 init_time=13.4065s
iterations=20 total_dist=1106018590 total_filtered=0
total_time=1217.3865s final_recall=0.481950

--- Per-Iteration ---
Iter  Updates   DistComps     Filtered      Rate%     CumulDist     Recall    
------------------------------------------------------------------------------
1     34482037  167871768     0             0.00      177871768     0.0003    
2     15740149  124077030     0             0.00      301948798     0.0030    
3     12324397  132547178     0             0.00      434495976     0.0156    
4     9718885   129324093     0             0.00      563820069     0.0564    
5     7386352   119764096     0             0.00      683584165     0.1337    
6     5086966   107581724     0             0.00      791165889     0.2281    
7     3229203   93208459      0             0.00      884374348     0.3118    
8     2013381   73760935      0             0.00      958135283     0.3728    
9     1253750   52371313      0             0.00      1010506596    0.4132    
10    785179    34688671      0             0.00      1045195267    0.4390    
11    493221    22382128      0             0.00      1067577395    0.4553    
12    310730    14270867      0             0.00      1081848262    0.4654    
13    196227    9023757       0             0.00      1090872019    0.4716    
14    124533    5707701       0             0.00      1096579720    0.4756    
15    79823     3625451       0             0.00      1100205171    0.4781    
16    51438     2319707       0             0.00      1102524878    0.4796    
17    33392     1493572       0             0.00      1104018450    0.4806    
18    21399     970689        0             0.00      1104989139    0.4813    
19    14038     621688        0             0.00      1105610827    0.4817    
20    9191      407763        0             0.00      1106018590    0.4820    

--- CSV ---
iter,dist_comps,filtered,filter_rate,updates,cumul_dist,recall
1,167871768,0,0.000000,34482037,177871768,0.000347
2,124077030,0,0.000000,15740149,301948798,0.002955
3,132547178,0,0.000000,12324397,434495976,0.015581
4,129324093,0,0.000000,9718885,563820069,0.056439
5,119764096,0,0.000000,7386352,683584165,0.133733
6,107581724,0,0.000000,5086966,791165889,0.228128
7,93208459,0,0.000000,3229203,884374348,0.311798
8,73760935,0,0.000000,2013381,958135283,0.372781
9,52371313,0,0.000000,1253750,1010506596,0.413192
10,34688671,0,0.000000,785179,1045195267,0.438993
11,22382128,0,0.000000,493221,1067577395,0.455276
12,14270867,0,0.000000,310730,1081848262,0.465384
13,9023757,0,0.000000,196227,1090872019,0.471648
14,5707701,0,0.000000,124533,1096579720,0.475583
15,3625451,0,0.000000,79823,1100205171,0.478070
16,2319707,0,0.000000,51438,1102524878,0.479638
17,1493572,0,0.000000,33392,1104018450,0.480647
18,970689,0,0.000000,21399,1104989139,0.481277
19,621688,0,0.000000,14038,1105610827,0.481681
20,407763,0,0.000000,9191,1106018590,0.481950

================================================================
