================================================================
  NN-Descent Experiment Report
  Generated: Wed Apr 15 23:22:15 2026
================================================================

--- Configuration ---
n=1000000 dim=960 k=10
init=RP-Tree metric=Euclidean
rho=0.5 delta=0.001 max_iter=20
filter=projection m=32 pτ=0.95

--- Summary ---
init_dist_comps=192719736 init_time=336.6806s
iterations=10 total_dist=785241384 total_filtered=121730220
total_time=772.6289s final_recall=0.639941

--- Per-Iteration ---
Iter  Updates   DistComps     Filtered      Rate%     CumulDist     Recall    
------------------------------------------------------------------------------
1     7980561   175419176     32486662      15.63     368138912     0.3419    
2     4551767   167528113     34071499      16.90     535667025     0.4859    
3     2144472   123495712     26494602      17.66     659162737     0.5694    
4     922337    68669991      15452529      18.37     727832728     0.6088    
5     398356    32384096      7481891       18.77     760216824     0.6264    
6     173123    14370299      3321354       18.77     774587123     0.6342    
7     75927     6218697       1418682       18.58     780805820     0.6375    
8     33561     2712814       613557        18.45     783518634     0.6390    
9     14689     1197102       271062        18.46     784715736     0.6397    
10    6441      525648        118382        18.38     785241384     0.6399    

--- CSV ---
iter,dist_comps,filtered,filter_rate,updates,cumul_dist,recall
1,175419176,32486662,0.156257,7980561,368138912,0.341890
2,167528113,34071499,0.169006,4551767,535667025,0.485947
3,123495712,26494602,0.176642,2144472,659162737,0.569424
4,68669991,15452529,0.183691,922337,727832728,0.608810
5,32384096,7481891,0.187676,398356,760216824,0.626420
6,14370299,3321354,0.187736,173123,774587123,0.634166
7,6218697,1418682,0.185755,75927,780805820,0.637539
8,2712814,613557,0.184452,33561,783518634,0.639027
9,1197102,271062,0.184627,14689,784715736,0.639669
10,525648,118382,0.183814,6441,785241384,0.639941

================================================================
