================================================================
  NN-Descent Experiment Report
  Generated: Wed Apr 15 20:30:46 2026
================================================================

--- Configuration ---
n=1000000 dim=960 k=10
init=Random metric=Euclidean
rho=0.5 delta=0.001 max_iter=20
filter=OFF

--- Summary ---
init_dist_comps=10000000 init_time=13.3050s
iterations=20 total_dist=914502503 total_filtered=0
total_time=1005.4680s final_recall=0.424308

--- Per-Iteration ---
Iter  Updates   DistComps     Filtered      Rate%     CumulDist     Recall    
------------------------------------------------------------------------------
1     30139306  104417275     0             0.00      114417275     0.0002    
2     15115030  94658372      0             0.00      209075647     0.0017    
3     11892409  106911524     0             0.00      315987171     0.0085    
4     9438869   105306647     0             0.00      421293818     0.0313    
5     7386354   97623063      0             0.00      518916881     0.0796    
6     5453286   87313498      0             0.00      606230379     0.1474    
7     3731533   75880783      0             0.00      682111162     0.2191    
8     2465403   63545760      0             0.00      745656922     0.2801    
9     1640145   50016518      0             0.00      795673440     0.3259    
10    1100394   36996708      0             0.00      832670148     0.3583    
11    743575    26215913      0             0.00      858886061     0.3806    
12    502661    18211216      0             0.00      877097277     0.3955    
13    340320    12477286      0             0.00      889574563     0.4054    
14    232034    8487176       0             0.00      898061739     0.4121    
15    158561    5808480       0             0.00      903870219     0.4165    
16    108139    3961991       0             0.00      907832210     0.4195    
17    74047     2698927       0             0.00      910531137     0.4214    
18    50688     1841546       0             0.00      912372683     0.4228    
19    35199     1258448       0             0.00      913631131     0.4237    
20    24345     871372        0             0.00      914502503     0.4243    

--- CSV ---
iter,dist_comps,filtered,filter_rate,updates,cumul_dist,recall
1,104417275,0,0.000000,30139306,114417275,0.000215
2,94658372,0,0.000000,15115030,209075647,0.001686
3,106911524,0,0.000000,11892409,315987171,0.008466
4,105306647,0,0.000000,9438869,421293818,0.031318
5,97623063,0,0.000000,7386354,518916881,0.079552
6,87313498,0,0.000000,5453286,606230379,0.147370
7,75880783,0,0.000000,3731533,682111162,0.219065
8,63545760,0,0.000000,2465403,745656922,0.280055
9,50016518,0,0.000000,1640145,795673440,0.325938
10,36996708,0,0.000000,1100394,832670148,0.358310
11,26215913,0,0.000000,743575,858886061,0.380584
12,18211216,0,0.000000,502661,877097277,0.395486
13,12477286,0,0.000000,340320,889574563,0.405414
14,8487176,0,0.000000,232034,898061739,0.412052
15,5808480,0,0.000000,158561,903870219,0.416478
16,3961991,0,0.000000,108139,907832210,0.419454
17,2698927,0,0.000000,74047,910531137,0.421443
18,1841546,0,0.000000,50688,912372683,0.422779
19,1258448,0,0.000000,35199,913631131,0.423682
20,871372,0,0.000000,24345,914502503,0.424308

================================================================
