================================================================
  NN-Descent Experiment Report
  Generated: Thu Apr  9 23:42:27 2026
================================================================

--- Configuration ---
n=1000000 dim=960 k=10
init=RP-Tree metric=Euclidean
rho=0.5 delta=0.001 max_iter=20
filter=projection m=32 pτ=0.9

--- Summary ---
init_dist_comps=192719736 init_time=337.1425s
iterations=10 total_dist=725311719 total_filtered=178267378
total_time=733.9750s final_recall=0.000000

--- Per-Iteration ---
Iter  Updates   DistComps     Filtered      Rate%     CumulDist     Recall    
------------------------------------------------------------------------------
1     7841603   158694332     49211506      23.67     351414068     0.0000    
2     4482626   151029703     50001363      24.87     502443771     0.0000    
3     2113530   110676332     38219767      25.67     613120103     0.0000    
4     908967    61234882      22059383      26.48     674354985     0.0000    
5     391882    28766980      10619182      26.96     703121965     0.0000    
6     170597    12713178      4705741       27.02     715835143     0.0000    
7     74587     5523991       2016825       26.75     721359134     0.0000    
8     33314     2402075       876283        26.73     723761209     0.0000    
9     14885     1071223       385485        26.46     724832432     0.0000    
10    6743      479287        171843        26.39     725311719     0.0000    

--- CSV ---
iter,dist_comps,filtered,filter_rate,updates,cumul_dist,recall
1,158694332,49211506,0.236701,7841603,351414068,0.000000
2,151029703,50001363,0.248725,4482626,502443771,0.000000
3,110676332,38219767,0.256687,2113530,613120103,0.000000
4,61234882,22059383,0.264837,908967,674354985,0.000000
5,28766980,10619182,0.269617,391882,703121965,0.000000
6,12713178,4705741,0.270151,170597,715835143,0.000000
7,5523991,2016825,0.267454,74587,721359134,0.000000
8,2402075,876283,0.267293,33314,723761209,0.000000
9,1071223,385485,0.264628,14885,724832432,0.000000
10,479287,171843,0.263915,6743,725311719,0.000000

================================================================
