================================================================
  NN-Descent Experiment Report
  Generated: Sat Apr  4 23:56:39 2026
================================================================

--- Configuration ---
n=1000000 dim=960 k=10
init=Random metric=Euclidean
rho=0.5 delta=0.001 max_iter=20
filter=projection m=32 pτ=0.95

--- Summary ---
init_dist_comps=10000000 init_time=28.5393s
iterations=17 total_dist=1265731924 total_filtered=284140909
total_time=950.8497s final_recall=0.582000

--- Per-Iteration ---
Iter  Updates   DistComps     Filtered      Rate%     CumulDist     Recall    
------------------------------------------------------------------------------
1     35540410  148033266     46973673      24.09     158033266     0.0004    
2     18384160  176415147     36958371      17.32     334448413     0.0043    
3     14006331  168852332     35437025      17.35     503300745     0.0277    
4     10805623  164785399     35616838      17.77     668086144     0.1044    
5     7736849   158289718     33839668      17.61     826375862     0.2364    
6     4771989   147536797     31293271      17.50     973912659     0.3699    
7     2676516   119613600     26033480      17.87     1093526259    0.4638    
8     1426599   77098914      17035883      18.10     1170625173    0.5185    
9     748381    43747022      9691275       18.14     1214372195    0.5482    
10    395899    23673386      5234363       18.11     1238045581    0.5639    
11    212221    12752985      2788219       17.94     1250798566    0.5723    
12    115578    6901430       1504233       17.90     1257699996    0.5768    
13    63847     3775710       815259        17.76     1261475706    0.5793    
14    34963     2088820       452517        17.81     1263564526    0.5806    
15    19878     1147791       246550        17.68     1264712317    0.5814    
16    11032     654523        141078        17.73     1265366840    0.5818    
17    6246      365084        79206         17.83     1265731924    0.5820    

--- CSV ---
iter,dist_comps,filtered,filter_rate,updates,cumul_dist,recall
1,148033266,46973673,0.240882,35540410,158033266,0.000400
2,176415147,36958371,0.173210,18384160,334448413,0.004313
3,168852332,35437025,0.173465,14006331,503300745,0.027681
4,164785399,35616838,0.177727,10805623,668086144,0.104402
5,158289718,33839668,0.176130,7736849,826375862,0.236409
6,147536797,31293271,0.174989,4771989,973912659,0.369904
7,119613600,26033480,0.178744,2676516,1093526259,0.463814
8,77098914,17035883,0.180973,1426599,1170625173,0.518524
9,43747022,9691275,0.181354,748381,1214372195,0.548174
10,23673386,5234363,0.181071,395899,1238045581,0.563915
11,12752985,2788219,0.179408,212221,1250798566,0.572308
12,6901430,1504233,0.178955,115578,1257699996,0.576844
13,3775710,815259,0.177579,63847,1261475706,0.579287
14,2088820,452517,0.178063,34963,1263564526,0.580605
15,1147791,246550,0.176822,19878,1264712317,0.581356
16,654523,141078,0.177323,11032,1265366840,0.581770
17,365084,79206,0.178275,6246,1265731924,0.582000

================================================================
