================================================================
  NN-Descent Experiment Report
  Generated: Sun Apr  5 13:39:08 2026
================================================================

--- Configuration ---
n=1000000 dim=960 k=10
init=Random metric=Euclidean
rho=0.5 delta=0.001 max_iter=20
filter=projection m=32 pτ=0.8

--- Summary ---
init_dist_comps=10000000 init_time=28.5457s
iterations=17 total_dist=968312920 total_filtered=577161178
total_time=772.4977s final_recall=0.546968

--- Per-Iteration ---
Iter  Updates   DistComps     Filtered      Rate%     CumulDist     Recall    
------------------------------------------------------------------------------
1     34690807  110847797     84159142      43.16     120847797     0.0004    
2     17715854  135394224     78270068      36.63     256242021     0.0042    
3     13502172  129837795     75476709      36.76     386079816     0.0267    
4     10437643  126603972     74867749      37.16     512683788     0.0993    
5     7491926   121581490     70590553      36.73     634265278     0.2235    
6     4645717   113035219     64565431      36.35     747300497     0.3487    
7     2609094   90861060      52853439      36.78     838161557     0.4366    
8     1391499   58340211      34315952      37.04     896501768     0.4878    
9     731798    32994379      19434290      37.07     929496147     0.5154    
10    386552    17862077      10488165      36.99     947358224     0.5300    
11    209114    9601511       5594024       36.81     956959735     0.5379    
12    113484    5234384       3035932       36.71     962194119     0.5421    
13    62630     2867195       1650861       36.54     965061314     0.5444    
14    34659     1591684       909517        36.36     966652998     0.5456    
15    19405     883662        505865        36.41     967536660     0.5464    
16    11072     493667        282553        36.40     968030327     0.5467    
17    6237      282593        160928        36.28     968312920     0.5470    

--- CSV ---
iter,dist_comps,filtered,filter_rate,updates,cumul_dist,recall
1,110847797,84159142,0.431570,34690807,120847797,0.000400
2,135394224,78270068,0.366323,17715854,256242021,0.004248
3,129837795,75476709,0.367615,13502172,386079816,0.026666
4,126603972,74867749,0.371604,10437643,512683788,0.099267
5,121581490,70590553,0.367330,7491926,634265278,0.223480
6,113035219,64565431,0.363543,4645717,747300497,0.348698
7,90861060,52853439,0.367767,2609094,838161557,0.436640
8,58340211,34315952,0.370358,1391499,896501768,0.487828
9,32994379,19434290,0.370681,731798,929496147,0.515397
10,17862077,10488165,0.369950,386552,947358224,0.530025
11,9601511,5594024,0.368136,209114,956959735,0.537861
12,5234384,3035932,0.367088,113484,962194119,0.542089
13,2867195,1650861,0.365392,62630,965061314,0.544388
14,1591684,909517,0.363632,34659,966652998,0.545646
15,883662,505865,0.364056,19405,967536660,0.546351
16,493667,282553,0.364011,11072,968030327,0.546738
17,282593,160928,0.362842,6237,968312920,0.546968

================================================================
