================================================================
  NN-Descent Experiment Report
  Generated: Wed Apr 15 20:13:56 2026
================================================================

--- Configuration ---
n=1000000 dim=960 k=10
init=Random metric=Euclidean
rho=0.5 delta=0.001 max_iter=20
filter=OFF

--- Summary ---
init_dist_comps=10000000 init_time=13.3067s
iterations=20 total_dist=688222176 total_filtered=0
total_time=780.4157s final_recall=0.329952

--- Per-Iteration ---
Iter  Updates   DistComps     Filtered      Rate%     CumulDist     Recall    
------------------------------------------------------------------------------
1     22257489  45000000      0             0.00      55000000      0.0001    
2     14502893  64045823      0             0.00      119045823     0.0006    
3     11118768  74108080      0             0.00      193153903     0.0029    
4     8896499   75442141      0             0.00      268596044     0.0106    
5     7095269   70880435      0             0.00      339476479     0.0292    
6     5585490   63967101      0             0.00      403443580     0.0606    
7     4255959   56052134      0             0.00      459495714     0.1011    
8     3114526   47869985      0             0.00      507365699     0.1449    
9     2229174   39949945      0             0.00      547315644     0.1861    
10    1607974   32818737      0             0.00      580134381     0.2212    
11    1179656   26455377      0             0.00      606589758     0.2495    
12    879080    20900876      0             0.00      627490634     0.2713    
13    659740    16274439      0             0.00      643765073     0.2879    
14    498314    12529147      0             0.00      656294220     0.3004    
15    374040    9599619       0             0.00      665893839     0.3096    
16    282189    7256618       0             0.00      673150457     0.3165    
17    211868    5484599       0             0.00      678635056     0.3215    
18    159860    4123433       0             0.00      682758489     0.3252    
19    120781    3116465       0             0.00      685874954     0.3279    
20    91031     2347222       0             0.00      688222176     0.3300    

--- CSV ---
iter,dist_comps,filtered,filter_rate,updates,cumul_dist,recall
1,45000000,0,0.000000,22257489,55000000,0.000098
2,64045823,0,0.000000,14502893,119045823,0.000628
3,74108080,0,0.000000,11118768,193153903,0.002928
4,75442141,0,0.000000,8896499,268596044,0.010590
5,70880435,0,0.000000,7095269,339476479,0.029196
6,63967101,0,0.000000,5585490,403443580,0.060636
7,56052134,0,0.000000,4255959,459495714,0.101137
8,47869985,0,0.000000,3114526,507365699,0.144887
9,39949945,0,0.000000,2229174,547315644,0.186080
10,32818737,0,0.000000,1607974,580134381,0.221246
11,26455377,0,0.000000,1179656,606589758,0.249488
12,20900876,0,0.000000,879080,627490634,0.271348
13,16274439,0,0.000000,659740,643765073,0.287896
14,12529147,0,0.000000,498314,656294220,0.300350
15,9599619,0,0.000000,374040,665893839,0.309622
16,7256618,0,0.000000,282189,673150457,0.316480
17,5484599,0,0.000000,211868,678635056,0.321470
18,4123433,0,0.000000,159860,682758489,0.325187
19,3116465,0,0.000000,120781,685874954,0.327925
20,2347222,0,0.000000,91031,688222176,0.329952

================================================================
