================================================================
  NN-Descent Experiment Report
  Generated: Sat Apr  4 19:46:56 2026
================================================================

--- Configuration ---
n=1000000 dim=960 k=10
init=RP-Tree metric=Euclidean
rho=0.5 delta=0.001 max_iter=20
filter=projection m=32 pτ=0.7

--- Summary ---
init_dist_comps=192719736 init_time=339.6637s
iterations=10 total_dist=566840175 total_filtered=318157495
total_time=647.9207s final_recall=0.580585

--- Per-Iteration ---
Iter  Updates   DistComps     Filtered      Rate%     CumulDist     Recall    
------------------------------------------------------------------------------
1     7076885   112215568     95690270      46.03     304935304     0.3268    
2     4115534   107143879     89549137      45.53     412079183     0.4512    
3     1957705   77468639      65328255      45.75     489547822     0.5217    
4     847057    42271697      36704077      46.48     531819519     0.5546    
5     365662    19734127      17474454      46.96     551553646     0.5692    
6     159860    8720996       7708927       46.92     560274642     0.5757    
7     70558     3805052       3322321       46.61     564079694     0.5785    
8     31403     1679096       1448250       46.31     565758790     0.5798    
9     14122     746402        641928        46.24     566505192     0.5803    
10    6331      334983        289876        46.39     566840175     0.5806    

--- CSV ---
iter,dist_comps,filtered,filter_rate,updates,cumul_dist,recall
1,112215568,95690270,0.460258,7076885,304935304,0.326778
2,107143879,89549137,0.455274,4115534,412079183,0.451160
3,77468639,65328255,0.457491,1957705,489547822,0.521735
4,42271697,36704077,0.464751,847057,531819519,0.554625
5,19734127,17474454,0.469635,365662,551553646,0.569226
6,8720996,7708927,0.469200,159860,560274642,0.575672
7,3805052,3322321,0.466135,70558,564079694,0.578528
8,1679096,1448250,0.463092,31403,565758790,0.579779
9,746402,641928,0.462374,14122,566505192,0.580337
10,334983,289876,0.463906,6331,566840175,0.580585

================================================================
