================================================================
  NN-Descent Experiment Report
  Generated: Fri Apr  3 16:18:18 2026
================================================================

--- Configuration ---
n=100000 dim=960 k=10
init=Random metric=Euclidean
rho=0.5 delta=0.001 max_iter=20
filter=projection m=32 pτ=0.9

--- Summary ---
init_dist_comps=1000000 init_time=3.4313s
iterations=12 total_dist=93391979 total_filtered=32385685
total_time=79.8081s final_recall=0.762561

--- Per-Iteration ---
Iter  Updates   DistComps     Filtered      Rate%     CumulDist     Recall    
------------------------------------------------------------------------------
1     3529921   13192732      6307768       32.35     14192732      0.0039    
2     1812164   15954796      5380364       25.22     30147528      0.0395    
3     1307070   15378825      5126278       25.00     45526353      0.1890    
4     820211    15665700      5096579       24.55     61192053      0.4316    
5     404442    15338450      4902978       24.22     76530503      0.6182    
6     160694    9977783       3292630       24.81     86508286      0.7066    
7     59079     4250176       1400357       24.78     90758462      0.7410    
8     22164     1626147       543310        25.04     92384609      0.7543    
9     8501      624394        208548        25.04     93009003      0.7594    
10    3447      242315        80056         24.83     93251318      0.7614    
11    1462      98723         32612         24.83     93350041      0.7622    
12    586       41938         14205         25.30     93391979      0.7626    

--- CSV ---
iter,dist_comps,filtered,filter_rate,updates,cumul_dist,recall
1,13192732,6307768,0.323467,3529921,14192732,0.003946
2,15954796,5380364,0.252183,1812164,30147528,0.039518
3,15378825,5126278,0.250000,1307070,45526353,0.189020
4,15665700,5096579,0.245473,820211,61192053,0.431590
5,15338450,4902978,0.242225,404442,76530503,0.618181
6,9977783,3292630,0.248118,160694,86508286,0.706627
7,4250176,1400357,0.247827,59079,90758462,0.741023
8,1626147,543310,0.250436,22164,92384609,0.754270
9,624394,208548,0.250375,8501,93009003,0.759361
10,242315,80056,0.248335,3447,93251318,0.761409
11,98723,32612,0.248312,1462,93350041,0.762234
12,41938,14205,0.253015,586,93391979,0.762561

================================================================
