================================================================
  NN-Descent Experiment Report
  Generated: Thu Apr  9 22:19:49 2026
================================================================

--- Configuration ---
n=1000000 dim=960 k=10
init=Random metric=Euclidean
rho=0.5 delta=0.001 max_iter=20
filter=projection m=32 pτ=0.9

--- Summary ---
init_dist_comps=10000000 init_time=28.1063s
iterations=17 total_dist=1143027704 total_filtered=405335311
total_time=861.8139s final_recall=0.000000

--- Per-Iteration ---
Iter  Updates   DistComps     Filtered      Rate%     CumulDist     Recall    
------------------------------------------------------------------------------
1     35307705  132434300     62572639      32.09     142434300     0.0000    
2     18187368  159741526     53706956      25.16     302175826     0.0000    
3     13856946  152906482     51682487      25.26     455082308     0.0000    
4     10687581  149087655     51676480      25.74     604169963     0.0000    
5     7667804   143201156     49003368      25.50     747371119     0.0000    
6     4735446   133395247     45160828      25.29     880766366     0.0000    
7     2650565   107761049     37352930      25.74     988527415     0.0000    
8     1413320   69248934      24322236      25.99     1057776349    0.0000    
9     742099    39187658      13803293      26.05     1096964007    0.0000    
10    392774    21273405      7460797       25.96     1118237412    0.0000    
11    210582    11432483      3988859       25.87     1129669895    0.0000    
12    113907    6193432       2138362       25.67     1135863327    0.0000    
13    62529     3366395       1164784       25.71     1139229722    0.0000    
14    34879     1856851       636677        25.53     1141086573    0.0000    
15    19438     1037121       354462        25.47     1142123694    0.0000    
16    10869     579959        199871        25.63     1142703653    0.0000    
17    6136      324051        110282        25.39     1143027704    0.0000    

--- CSV ---
iter,dist_comps,filtered,filter_rate,updates,cumul_dist,recall
1,132434300,62572639,0.320874,35307705,142434300,0.000000
2,159741526,53706956,0.251616,18187368,302175826,0.000000
3,152906482,51682487,0.252616,13856946,455082308,0.000000
4,149087655,51676480,0.257399,10687581,604169963,0.000000
5,143201156,49003368,0.254954,7667804,747371119,0.000000
6,133395247,45160828,0.252922,4735446,880766366,0.000000
7,107761049,37352930,0.257404,2650565,988527415,0.000000
8,69248934,24322236,0.259933,1413320,1057776349,0.000000
9,39187658,13803293,0.260484,742099,1096964007,0.000000
10,21273405,7460797,0.259649,392774,1118237412,0.000000
11,11432483,3988859,0.258658,210582,1129669895,0.000000
12,6193432,2138362,0.256651,113907,1135863327,0.000000
13,3366395,1164784,0.257060,62529,1139229722,0.000000
14,1856851,636677,0.255332,34879,1141086573,0.000000
15,1037121,354462,0.254719,19438,1142123694,0.000000
16,579959,199871,0.256301,10869,1142703653,0.000000
17,324051,110282,0.253911,6136,1143027704,0.000000

================================================================
