================================================================
  NN-Descent Experiment Report
  Generated: Thu Apr  9 22:45:58 2026
================================================================

--- Configuration ---
n=1000000 dim=960 k=10
init=Random metric=Euclidean
rho=0.5 delta=0.001 max_iter=20
filter=projection m=32 pτ=0.8

--- Summary ---
init_dist_comps=10000000 init_time=28.1484s
iterations=17 total_dist=968312920 total_filtered=577161178
total_time=757.9766s final_recall=0.000000

--- Per-Iteration ---
Iter  Updates   DistComps     Filtered      Rate%     CumulDist     Recall    
------------------------------------------------------------------------------
1     34690807  110847797     84159142      43.16     120847797     0.0000    
2     17715854  135394224     78270068      36.63     256242021     0.0000    
3     13502172  129837795     75476709      36.76     386079816     0.0000    
4     10437643  126603972     74867749      37.16     512683788     0.0000    
5     7491926   121581490     70590553      36.73     634265278     0.0000    
6     4645717   113035219     64565431      36.35     747300497     0.0000    
7     2609094   90861060      52853439      36.78     838161557     0.0000    
8     1391499   58340211      34315952      37.04     896501768     0.0000    
9     731798    32994379      19434290      37.07     929496147     0.0000    
10    386552    17862077      10488165      36.99     947358224     0.0000    
11    209114    9601511       5594024       36.81     956959735     0.0000    
12    113484    5234384       3035932       36.71     962194119     0.0000    
13    62630     2867195       1650861       36.54     965061314     0.0000    
14    34659     1591684       909517        36.36     966652998     0.0000    
15    19405     883662        505865        36.41     967536660     0.0000    
16    11072     493667        282553        36.40     968030327     0.0000    
17    6237      282593        160928        36.28     968312920     0.0000    

--- CSV ---
iter,dist_comps,filtered,filter_rate,updates,cumul_dist,recall
1,110847797,84159142,0.431570,34690807,120847797,0.000000
2,135394224,78270068,0.366323,17715854,256242021,0.000000
3,129837795,75476709,0.367615,13502172,386079816,0.000000
4,126603972,74867749,0.371604,10437643,512683788,0.000000
5,121581490,70590553,0.367330,7491926,634265278,0.000000
6,113035219,64565431,0.363543,4645717,747300497,0.000000
7,90861060,52853439,0.367767,2609094,838161557,0.000000
8,58340211,34315952,0.370358,1391499,896501768,0.000000
9,32994379,19434290,0.370681,731798,929496147,0.000000
10,17862077,10488165,0.369950,386552,947358224,0.000000
11,9601511,5594024,0.368136,209114,956959735,0.000000
12,5234384,3035932,0.367088,113484,962194119,0.000000
13,2867195,1650861,0.365392,62630,965061314,0.000000
14,1591684,909517,0.363632,34659,966652998,0.000000
15,883662,505865,0.364056,19405,967536660,0.000000
16,493667,282553,0.364011,11072,968030327,0.000000
17,282593,160928,0.362842,6237,968312920,0.000000

================================================================
