================================================================
  NN-Descent Experiment Report
  Generated: Sun Apr  5 16:54:55 2026
================================================================

--- Configuration ---
n=1000000 dim=960 k=10
init=Random metric=Euclidean
rho=0.5 delta=0.001 max_iter=20
filter=projection m=32 pτ=0.99

--- Summary ---
init_dist_comps=10000000 init_time=28.0542s
iterations=17 total_dist=1425477767 total_filtered=125483036
total_time=1033.0755s final_recall=0.587931

--- Per-Iteration ---
Iter  Updates   DistComps     Filtered      Rate%     CumulDist     Recall    
------------------------------------------------------------------------------
1     35675027  170143589     24863350      12.75     180143589     0.0004    
2     18508684  197522572     15811297      7.41      377666161     0.0043    
3     14106551  189210645     14961928      7.33      566876806     0.0278    
4     10880300  185205846     15091508      7.53      752082652     0.1052    
5     7791180   177828543     14338602      7.46      929911195     0.2385    
6     4806896   166002976     13248553      7.39      1095914171    0.3735    
7     2690410   135125242     11090626      7.59      1231039413    0.4687    
8     1426662   87195138      7256796       7.68      1318234551    0.5239    
9     749987    49334520      4091302       7.66      1367569071    0.5539    
10    396775    26763033      2207401       7.62      1394332104    0.5698    
11    211599    14388765      1177300       7.56      1408720869    0.5782    
12    115851    7745529       622014        7.43      1416466398    0.5827    
13    63290     4258126       343296        7.46      1420724524    0.5852    
14    34980     2328015       187086        7.44      1423052539    0.5865    
15    19558     1294753       102589        7.34      1424347292    0.5873    
16    11083     723079        57079         7.32      1425070371    0.5877    
17    6418      407396        32309         7.35      1425477767    0.5879    

--- CSV ---
iter,dist_comps,filtered,filter_rate,updates,cumul_dist,recall
1,170143589,24863350,0.127500,35675027,180143589,0.000400
2,197522572,15811297,0.074115,18508684,377666161,0.004326
3,189210645,14961928,0.073281,14106551,566876806,0.027849
4,185205846,15091508,0.075346,10880300,752082652,0.105234
5,177828543,14338602,0.074615,7791180,929911195,0.238515
6,166002976,13248553,0.073910,4806896,1095914171,0.373526
7,135125242,11090626,0.075851,2690410,1231039413,0.468662
8,87195138,7256796,0.076831,1426662,1318234551,0.523904
9,49334520,4091302,0.076579,749987,1367569071,0.553906
10,26763033,2207401,0.076195,396775,1394332104,0.569763
11,14388765,1177300,0.075632,211599,1408720869,0.578182
12,7745529,622014,0.074337,115851,1416466398,0.582705
13,4258126,343296,0.074607,63290,1420724524,0.585179
14,2328015,187086,0.074385,34980,1423052539,0.586518
15,1294753,102589,0.073417,19558,1424347292,0.587275
16,723079,57079,0.073163,11083,1425070371,0.587692
17,407396,32309,0.073479,6418,1425477767,0.587931

================================================================
