================================================================
  NN-Descent Experiment Report
  Generated: Sun Apr  5 13:58:06 2026
================================================================

--- Configuration ---
n=1000000 dim=960 k=10
init=Random metric=Euclidean
rho=0.5 delta=0.001 max_iter=20
filter=projection m=32 pτ=0.7

--- Summary ---
init_dist_comps=10000000 init_time=28.5517s
iterations=17 total_dist=834332501 total_filtered=708578924
total_time=689.0195s final_recall=0.517140

--- Per-Iteration ---
Iter  Updates   DistComps     Filtered      Rate%     CumulDist     Recall    
------------------------------------------------------------------------------
1     33885779  94390253      100616686     51.60     104390253     0.0004    
2     17143080  116237041     97754851      45.68     220627294     0.0042    
3     13090489  111921208     94239250      45.71     332548502     0.0257    
4     10142774  109305905     92966208      45.96     441854407     0.0946    
5     7306940   105081831     87190858      45.35     546936238     0.2120    
6     4545958   97411031      79131198      44.82     644347269     0.3302    
7     2564543   78036821      64200019      45.14     722384090     0.4131    
8     1371324   50102469      41539341      45.33     772486559     0.4613    
9     723947    28366383      23512093      45.32     800852942     0.4874    
10    384396    15411166      12713887      45.20     816264108     0.5013    
11    205773    8319222       6815186       45.03     824583330     0.5086    
12    112186    4498387       3662653       44.88     829081717     0.5126    
13    61644     2469442       2000953       44.76     831551159     0.5148    
14    34359     1361143       1097978       44.65     832912302     0.5159    
15    19147     760224        610775        44.55     833672526     0.5166    
16    10553     424367        341269        44.57     834096893     0.5169    
17    6107      235608        185719        44.08     834332501     0.5171    

--- CSV ---
iter,dist_comps,filtered,filter_rate,updates,cumul_dist,recall
1,94390253,100616686,0.515965,33885779,104390253,0.000399
2,116237041,97754851,0.456816,17143080,220627294,0.004160
3,111921208,94239250,0.457116,13090489,332548502,0.025659
4,109305905,92966208,0.459610,10142774,441854407,0.094634
5,105081831,87190858,0.453475,7306940,546936238,0.212038
6,97411031,79131198,0.448228,4545958,644347269,0.330210
7,78036821,64200019,0.451360,2564543,722384090,0.413119
8,50102469,41539341,0.453279,1371324,772486559,0.461273
9,28366383,23512093,0.453215,723947,800852942,0.487364
10,15411166,12713887,0.452048,384396,816264108,0.501255
11,8319222,6815186,0.450311,205773,824583330,0.508630
12,4498387,3662653,0.448797,112186,829081717,0.512605
13,2469442,2000953,0.447601,61644,831551159,0.514755
14,1361143,1097978,0.446492,34359,832912302,0.515939
15,760224,610775,0.445496,19147,833672526,0.516579
16,424367,341269,0.445733,10553,834096893,0.516932
17,235608,185719,0.440795,6107,834332501,0.517140

================================================================
