================================================================
  NN-Descent Experiment Report
  Generated: Thu Apr  9 23:20:00 2026
================================================================

--- Configuration ---
n=1000000 dim=960 k=10
init=Random metric=Euclidean
rho=0.5 delta=0.001 max_iter=20
filter=projection m=32 pτ=0.65

--- Summary ---
init_dist_comps=10000000 init_time=28.1149s
iterations=17 total_dist=775694163 total_filtered=766002413
total_time=640.7144s final_recall=0.000000

--- Per-Iteration ---
Iter  Updates   DistComps     Filtered      Rate%     CumulDist     Recall    
------------------------------------------------------------------------------
1     33411605  87187991      107818948     55.29     97187991      0.0000    
2     16826217  107745584     106460055     49.70     204933575     0.0000    
3     12869726  104058949     102691512     49.67     308992524     0.0000    
4     9984092   101735162     100939021     49.80     410727686     0.0000    
5     7203207   97759766      94417632      49.13     508487452     0.0000    
6     4492120   90590416      85317695      48.50     599077868     0.0000    
7     2538593   72453371      68977126      48.77     671531239     0.0000    
8     1363645   46577782      44581612      48.91     718109021     0.0000    
9     722694    26398309      25262371      48.90     744507330     0.0000    
10    382530    14407369      13727552      48.79     758914699     0.0000    
11    204544    7740878       7333106       48.65     766655577     0.0000    
12    110605    4189004       3937318       48.45     770844581     0.0000    
13    60893     2272863       2130244       48.38     773117444     0.0000    
14    33968     1250324       1171040       48.36     774367768     0.0000    
15    19292     704389        652019        48.07     775072157     0.0000    
16    10649     400621        376737        48.46     775472778     0.0000    
17    6202      221385        208425        48.49     775694163     0.0000    

--- CSV ---
iter,dist_comps,filtered,filter_rate,updates,cumul_dist,recall
1,87187991,107818948,0.552898,33411605,97187991,0.000000
2,107745584,106460055,0.496999,16826217,204933575,0.000000
3,104058949,102691512,0.496693,12869726,308992524,0.000000
4,101735162,100939021,0.498036,9984092,410727686,0.000000
5,97759766,94417632,0.491305,7203207,508487452,0.000000
6,90590416,85317695,0.485013,4492120,599077868,0.000000
7,72453371,68977126,0.487710,2538593,671531239,0.000000
8,46577782,44581612,0.489051,1363645,718109021,0.000000
9,26398309,25262371,0.489006,722694,744507330,0.000000
10,14407369,13727552,0.487919,382530,758914699,0.000000
11,7740878,7333106,0.486474,204544,766655577,0.000000
12,4189004,3937318,0.484514,110605,770844581,0.000000
13,2272863,2130244,0.483805,60893,773117444,0.000000
14,1250324,1171040,0.483628,33968,774367768,0.000000
15,704389,652019,0.480695,19292,775072157,0.000000
16,400621,376737,0.484638,10649,775472778,0.000000
17,221385,208425,0.484924,6202,775694163,0.000000

================================================================
