================================================================
  NN-Descent Experiment Report
  Generated: Sat Apr  4 12:02:44 2026
================================================================

--- Configuration ---
n=100000 dim=960 k=10
init=Random metric=Euclidean
rho=0.5 delta=0.001 max_iter=20
filter=projection m=32 pτ=0.8

--- Summary ---
init_dist_comps=1000000 init_time=2.7993s
iterations=12 total_dist=79333943 total_filtered=46378759
total_time=73.3180s final_recall=0.732980

--- Per-Iteration ---
Iter  Updates   DistComps     Filtered      Rate%     CumulDist     Recall    
------------------------------------------------------------------------------
1     3468528   11037487      8463013       43.40     12037487      0.0039    
2     1763805   13518899      7837025       36.70     25556386      0.0390    
3     1274201   13073260      7510560       36.49     38629646      0.1837    
4     800756    13355453      7437671       35.77     51985099      0.4158    
5     398555    13031496      7102224       35.28     65016595      0.5941    
6     159587    8440174       4728530       35.91     73456769      0.6787    
7     59393     3602020       2010456       35.82     77058789      0.7121    
8     22357     1397996       788176        36.05     78456785      0.7247    
9     8865      535304        305549        36.34     78992089      0.7298    
10    3670      215362        123613        36.47     79207451      0.7318    
11    1477      90023         51364         36.33     79297474      0.7326    
12    634       36469         20578         36.07     79333943      0.7330    

--- CSV ---
iter,dist_comps,filtered,filter_rate,updates,cumul_dist,recall
1,11037487,8463013,0.433990,3468528,12037487,0.003942
2,13518899,7837025,0.366972,1763805,25556386,0.039003
3,13073260,7510560,0.364877,1274201,38629646,0.183660
4,13355453,7437671,0.357699,800756,51985099,0.415754
5,13031496,7102224,0.352753,398555,65016595,0.594125
6,8440174,4728530,0.359073,159587,73456769,0.678681
7,3602020,2010456,0.358212,59393,77058789,0.712054
8,1397996,788176,0.360528,22357,78456785,0.724738
9,535304,305549,0.363380,8865,78992089,0.729756
10,215362,123613,0.364667,3670,79207451,0.731828
11,90023,51364,0.363287,1477,79297474,0.732647
12,36469,20578,0.360720,634,79333943,0.732980

================================================================
