================================================================
  NN-Descent Experiment Report
  Generated: Wed Apr 15 19:24:46 2026
================================================================

--- Configuration ---
n=1000000 dim=128 k=10
init=Random metric=Euclidean
rho=0.5 delta=0.001 max_iter=20
filter=OFF

--- Summary ---
init_dist_comps=10000000 init_time=3.3050s
iterations=14 total_dist=1462887030 total_filtered=0
total_time=204.3555s final_recall=0.857252

--- Per-Iteration ---
Iter  Updates   DistComps     Filtered      Rate%     CumulDist     Recall    
------------------------------------------------------------------------------
1     36263838  194920728     0             0.00      204920728     0.0004    
2     18591743  196441563     0             0.00      401362291     0.0040    
3     15171213  191913803     0             0.00      593276094     0.0265    
4     12774417  192180529     0             0.00      785456623     0.1226    
5     10000025  194730640     0             0.00      980187263     0.3419    
6     6306973   197096347     0             0.00      1177283610    0.5898    
7     2940423   151374286     0             0.00      1328657896    0.7431    
8     1140778   78747178      0             0.00      1407405074    0.8113    
9     431941    33283976      0             0.00      1440689050    0.8385    
10    170851    13225275      0             0.00      1453914325    0.8495    
11    70851     5357738       0             0.00      1459272063    0.8541    
12    30342     2238829       0             0.00      1461510892    0.8561    
13    13177     961393        0             0.00      1462472285    0.8569    
14    5861      414745        0             0.00      1462887030    0.8573    

--- CSV ---
iter,dist_comps,filtered,filter_rate,updates,cumul_dist,recall
1,194920728,0,0.000000,36263838,204920728,0.000403
2,196441563,0,0.000000,18591743,401362291,0.004017
3,191913803,0,0.000000,15171213,593276094,0.026466
4,192180529,0,0.000000,12774417,785456623,0.122558
5,194730640,0,0.000000,10000025,980187263,0.341905
6,197096347,0,0.000000,6306973,1177283610,0.589850
7,151374286,0,0.000000,2940423,1328657896,0.743090
8,78747178,0,0.000000,1140778,1407405074,0.811283
9,33283976,0,0.000000,431941,1440689050,0.838537
10,13225275,0,0.000000,170851,1453914325,0.849515
11,5357738,0,0.000000,70851,1459272063,0.854108
12,2238829,0,0.000000,30342,1461510892,0.856059
13,961393,0,0.000000,13177,1462472285,0.856887
14,414745,0,0.000000,5861,1462887030,0.857252

================================================================
