================================================================
  NN-Descent Experiment Report
  Generated: Wed Apr 15 19:21:21 2026
================================================================

--- Configuration ---
n=1000000 dim=128 k=10
init=Random metric=Euclidean
rho=0.5 delta=0.001 max_iter=20
filter=OFF

--- Summary ---
init_dist_comps=10000000 init_time=3.3092s
iterations=14 total_dist=1398775584 total_filtered=0
total_time=199.4096s final_recall=0.849904

--- Per-Iteration ---
Iter  Updates   DistComps     Filtered      Rate%     CumulDist     Recall    
------------------------------------------------------------------------------
1     36132074  192308562     0             0.00      202308562     0.0004    
2     18017515  175524308     0             0.00      377832870     0.0038    
3     14659082  174167360     0             0.00      552000230     0.0233    
4     12406303  175563431     0             0.00      727563661     0.1049    
5     9953720   177873845     0             0.00      905437506     0.2988    
6     6689049   182639866     0             0.00      1088077372    0.5409    
7     3421430   154903262     0             0.00      1242980634    0.7105    
8     1409152   88501532      0             0.00      1331482166    0.7920    
9     548775    39664109      0             0.00      1371146275    0.8260    
10    219814    16315801      0             0.00      1387462076    0.8399    
11    91482     6716752       0             0.00      1394178828    0.8458    
12    39501     2831440       0             0.00      1397010268    0.8483    
13    17471     1224303       0             0.00      1398234571    0.8494    
14    7676      541013        0             0.00      1398775584    0.8499    

--- CSV ---
iter,dist_comps,filtered,filter_rate,updates,cumul_dist,recall
1,192308562,0,0.000000,36132074,202308562,0.000398
2,175524308,0,0.000000,18017515,377832870,0.003761
3,174167360,0,0.000000,14659082,552000230,0.023327
4,175563431,0,0.000000,12406303,727563661,0.104868
5,177873845,0,0.000000,9953720,905437506,0.298814
6,182639866,0,0.000000,6689049,1088077372,0.540869
7,154903262,0,0.000000,3421430,1242980634,0.710452
8,88501532,0,0.000000,1409152,1331482166,0.792017
9,39664109,0,0.000000,548775,1371146275,0.825988
10,16315801,0,0.000000,219814,1387462076,0.839936
11,6716752,0,0.000000,91482,1394178828,0.845800
12,2831440,0,0.000000,39501,1397010268,0.848326
13,1224303,0,0.000000,17471,1398234571,0.849428
14,541013,0,0.000000,7676,1398775584,0.849904

================================================================
