================================================================
  NN-Descent Experiment Report
  Generated: Sun Mar 22 18:48:03 2026
================================================================

--- Configuration ---
n=1000000 dim=128 k=10
init=Random metric=Euclidean
rho=0.5 delta=0.001 max_iter=20
filter=projection m=32 pτ=0.9

--- Summary ---
init_dist_comps=10000000 init_time=5.4289s
iterations=13 total_dist=920759278 total_filtered=613267013
total_time=219.5494s final_recall=0.851321

--- Per-Iteration ---
Iter  Updates   DistComps     Filtered      Rate%     CumulDist     Recall    
------------------------------------------------------------------------------
1     35727672  71386417      123620522     63.39     81386417      0.0004    
2     18737437  136934146     79578717      36.75     218320563     0.0042    
3     15490244  132145350     83479959      38.72     350465913     0.0294    
4     12997775  131046426     84153927      39.10     481512339     0.1419    
5     9866382   134908126     82264740      37.88     616420465     0.3856    
6     5742788   135297347     73771723      35.29     751717812     0.6280    
7     2449383   94833703      47829238      33.53     846551515     0.7604    
8     913486    45121436      22891385      33.66     891672951     0.8157    
9     341410    17909224      9481946       34.62     909582175     0.8372    
10    132838    6884357       3784770       35.47     916466532     0.8457    
11    54101     2709383       1521651       35.96     919175915     0.8492    
12    23024     1110594       623759        35.96     920286509     0.8507    
13    9972      472769        264676        35.89     920759278     0.8513    

--- CSV ---
iter,dist_comps,filtered,filter_rate,updates,cumul_dist,recall
1,71386417,123620522,0.633929,35727672,81386417,0.000403
2,136934146,79578717,0.367547,18737437,218320563,0.004171
3,132145350,83479959,0.387153,15490244,350465913,0.029435
4,131046426,84153927,0.391049,12997775,481512339,0.141946
5,134908126,82264740,0.378798,9866382,616420465,0.385587
6,135297347,73771723,0.352858,5742788,751717812,0.628046
7,94833703,47829238,0.335260,2449383,846551515,0.760391
8,45121436,22891385,0.336575,913486,891672951,0.815657
9,17909224,9481946,0.346168,341410,909582175,0.837246
10,6884357,3784770,0.354740,132838,916466532,0.845739
11,2709383,1521651,0.359640,54101,919175915,0.849209
12,1110594,623759,0.359649,23024,920286509,0.850687
13,472769,264676,0.358909,9972,920759278,0.851321

================================================================
