================================================================
  NN-Descent Experiment Report
  Generated: Mon Apr 20 10:24:29 2026
================================================================

--- Configuration ---
n=1000000 dim=128 k=10
init=Random metric=Euclidean
rho=0.5 delta=0.001 max_iter=20
filter=projection m=8 pτ=0.75

--- Summary ---
init_dist_comps=10000000 init_time=3.3806s
iterations=14 total_dist=995549135 total_filtered=544069269
total_time=184.6725s final_recall=0.782673

--- Per-Iteration ---
Iter  Updates   DistComps     Filtered      Rate%     CumulDist     Recall    
------------------------------------------------------------------------------
1     34426647  91670737      103336202     52.99     101670737     0.0004    
2     17786998  142453603     73833785      34.14     244124340     0.0041    
3     14735022  140535633     75048803      34.81     384659973     0.0276    
4     12412075  140504886     74442118      34.63     525164859     0.1296    
5     9544898   143857902     72593839      33.54     669022761     0.3484    
6     5712488   142217730     65787214      31.63     811240491     0.5699    
7     2520819   100868344     43332210      30.05     912108835     0.6939    
8     969440    49565132      20960748      29.72     961673967     0.7472    
9     369625    20411040      8790836       30.10     982085007     0.7683    
10    146898    8042560       3535257       30.53     990127567     0.7768    
11    60611     3250295       1439843       30.70     993377862     0.7803    
12    25789     1350137       602502        30.86     994727999     0.7818    
13    11036     573546        256805        30.93     995301545     0.7824    
14    4906      247590        109107        30.59     995549135     0.7827    

--- CSV ---
iter,dist_comps,filtered,filter_rate,updates,cumul_dist,recall
1,91670737,103336202,0.529910,34426647,101670737,0.000403
2,142453603,73833785,0.341369,17786998,244124340,0.004052
3,140535633,75048803,0.348118,14735022,384659973,0.027611
4,140504886,74442118,0.346328,12412075,525164859,0.129640
5,143857902,72593839,0.335381,9544898,669022761,0.348403
6,142217730,65787214,0.316277,5712488,811240491,0.569893
7,100868344,43332210,0.300500,2520819,912108835,0.693921
8,49565132,20960748,0.297206,969440,961673967,0.747235
9,20411040,8790836,0.301037,369625,982085007,0.768290
10,8042560,3535257,0.305347,146898,990127567,0.776789
11,3250295,1439843,0.306994,60611,993377862,0.780288
12,1350137,602502,0.308558,25789,994727999,0.781762
13,573546,256805,0.309273,11036,995301545,0.782394
14,247590,109107,0.305881,4906,995549135,0.782673

================================================================
