================================================================
  NN-Descent Experiment Report
  Generated: Mon Apr 20 10:08:13 2026
================================================================

--- Configuration ---
n=1000000 dim=128 k=10
init=Random metric=Euclidean
rho=0.5 delta=0.001 max_iter=20
filter=projection m=8 pτ=0.99

--- Summary ---
init_dist_comps=10000000 init_time=3.3691s
iterations=13 total_dist=1438557506 total_filtered=97199913
total_time=212.1904s final_recall=0.862190

--- Per-Iteration ---
Iter  Updates   DistComps     Filtered      Rate%     CumulDist     Recall    
------------------------------------------------------------------------------
1     36229022  165472966     29533973      15.15     175472966     0.0004    
2     19063728  205976138     10592374      4.89      381449104     0.0042    
3     15770338  204105716     11555520      5.36      585554820     0.0296    
4     13223343  203346277     11938926      5.55      788901097     0.1432    
5     10023112  205732090     11609058      5.34      994633187     0.3899    
6     5818724   199485416     10206271      4.87      1194118603    0.6359    
7     2469205   136707704     6522956       4.55      1330826307    0.7702    
8     915479    65111976      3113043       4.56      1395938283    0.8262    
9     340972    26119324      1288789       4.70      1422057607    0.8480    
10    132001    10127614      513080        4.82      1432185221    0.8565    
11    54515     3998746       204965        4.88      1436183967    0.8601    
12    23225     1662113       84516         4.84      1437846080    0.8616    
13    9952      711426        36442         4.87      1438557506    0.8622    

--- CSV ---
iter,dist_comps,filtered,filter_rate,updates,cumul_dist,recall
1,165472966,29533973,0.151451,36229022,175472966,0.000403
2,205976138,10592374,0.048910,19063728,381449104,0.004193
3,204105716,11555520,0.053582,15770338,585554820,0.029611
4,203346277,11938926,0.055456,13223343,788901097,0.143193
5,205732090,11609058,0.053414,10023112,994633187,0.389874
6,199485416,10206271,0.048673,5818724,1194118603,0.635891
7,136707704,6522956,0.045542,2469205,1330826307,0.770231
8,65111976,3113043,0.045629,915479,1395938283,0.826198
9,26119324,1288789,0.047022,340972,1422057607,0.847954
10,10127614,513080,0.048219,132001,1432185221,0.856508
11,3998746,204965,0.048758,54515,1436183967,0.860055
12,1662113,84516,0.048388,23225,1437846080,0.861558
13,711426,36442,0.048728,9952,1438557506,0.862190

================================================================
