================================================================
  NN-Descent Experiment Report
  Generated: Mon Apr 20 10:11:40 2026
================================================================

--- Configuration ---
n=1000000 dim=128 k=10
init=Random metric=Euclidean
rho=0.5 delta=0.001 max_iter=20
filter=projection m=8 pτ=0.95

--- Summary ---
init_dist_comps=10000000 init_time=3.3737s
iterations=14 total_dist=1306936600 total_filtered=229270850
total_time=205.7444s final_recall=0.853147

--- Per-Iteration ---
Iter  Updates   DistComps     Filtered      Rate%     CumulDist     Recall    
------------------------------------------------------------------------------
1     36022232  139503057     55503882      28.46     149503057     0.0004    
2     18891730  188839504     27700580      12.79     338342561     0.0042    
3     15623268  186088634     29546223      13.70     524431195     0.0294    
4     13102724  185123260     30098387      13.98     709554455     0.1418    
5     9951364   187832924     29436500      13.55     897387379     0.3853    
6     5796005   183153976     26331833      12.57     1080541355    0.6284    
7     2470206   126225758     16979829      11.86     1206767113    0.7613    
8     921813    60280204      8107681       11.86     1267047317    0.8170    
9     343394    24261393      3347019       12.12     1291308710    0.8387    
10    134291    9406572       1328238       12.37     1300715282    0.8473    
11    55064     3736846       535320        12.53     1304452128    0.8508    
12    23191     1549016       221954        12.53     1306001144    0.8523    
13    10021     653218        93420         12.51     1306654362    0.8529    
14    4328      282238        39984         12.41     1306936600    0.8531    

--- CSV ---
iter,dist_comps,filtered,filter_rate,updates,cumul_dist,recall
1,139503057,55503882,0.284625,36022232,149503057,0.000403
2,188839504,27700580,0.127924,18891730,338342561,0.004172
3,186088634,29546223,0.137020,15623268,524431195,0.029406
4,185123260,30098387,0.139848,13102724,709554455,0.141786
5,187832924,29436500,0.135484,9951364,897387379,0.385335
6,183153976,26331833,0.125697,5796005,1080541355,0.628438
7,126225758,16979829,0.118570,2470206,1206767113,0.761292
8,60280204,8107681,0.118554,921813,1267047317,0.817007
9,24261393,3347019,0.121232,343394,1291308710,0.838716
10,9406572,1328238,0.123732,134291,1300715282,0.847275
11,3736846,535320,0.125304,55064,1304452128,0.850780
12,1549016,221954,0.125329,23191,1306001144,0.852254
13,653218,93420,0.125121,10021,1306654362,0.852879
14,282238,39984,0.124088,4328,1306936600,0.853147

================================================================
