================================================================
  NN-Descent Experiment Report
  Generated: Mon Apr 20 10:14:58 2026
================================================================

--- Configuration ---
n=1000000 dim=128 k=10
init=Random metric=Euclidean
rho=0.5 delta=0.001 max_iter=20
filter=projection m=8 pτ=0.9

--- Summary ---
init_dist_comps=10000000 init_time=3.3644s
iterations=13 total_dist=1203819581 total_filtered=332800706
total_time=197.0818s final_recall=0.838412

--- Per-Iteration ---
Iter  Updates   DistComps     Filtered      Rate%     CumulDist     Recall    
------------------------------------------------------------------------------
1     35703141  122476932     72530007      37.19     132476932     0.0004    
2     18643756  174264553     42230189      19.51     306741485     0.0042    
3     15418537  171339989     44271112      20.53     478081474     0.0291    
4     12938997  170467311     44676327      20.77     648548785     0.1393    
5     9850249   173407171     43692479      20.13     821955956     0.3776    
6     5772872   169827537     39314786      18.80     991783493     0.6161    
7     2482912   117873666     25531651      17.80     1109657159    0.7474    
8     930845    56739544      12200133      17.70     1166396703    0.8026    
9     350205    22857825      5048072       18.09     1189254528    0.8242    
10    137543    8926244       2014984       18.42     1198180772    0.8328    
11    56333     3563902       814716        18.61     1201744674    0.8363    
12    23391     1462752       337299        18.74     1203207426    0.8378    
13    9884      612155        138951        18.50     1203819581    0.8384    

--- CSV ---
iter,dist_comps,filtered,filter_rate,updates,cumul_dist,recall
1,122476932,72530007,0.371936,35703141,132476932,0.000403
2,174264553,42230189,0.195063,18643756,306741485,0.004154
3,171339989,44271112,0.205329,15418537,478081474,0.029078
4,170467311,44676327,0.207658,12938997,648548785,0.139339
5,173407171,43692479,0.201255,9850249,821955956,0.377574
6,169827537,39314786,0.187981,5772872,991783493,0.616100
7,117873666,25531651,0.178038,2482912,1109657159,0.747388
8,56739544,12200133,0.176968,930845,1166396703,0.802586
9,22857825,5048072,0.180896,350205,1189254528,0.824234
10,8926244,2014984,0.184164,137543,1198180772,0.832820
11,3563902,814716,0.186067,56333,1201744674,0.836340
12,1462752,337299,0.187383,23391,1203207426,0.837806
13,612155,138951,0.184995,9884,1203819581,0.838412

================================================================
