================================================================
  NN-Descent Experiment Report
  Generated: Mon Apr 20 10:04:40 2026
================================================================

--- Configuration ---
n=1000000 dim=128 k=10
init=Random metric=Euclidean
rho=0.5 delta=0.001 max_iter=20
filter=OFF

--- Summary ---
init_dist_comps=10000000 init_time=3.3749s
iterations=14 total_dist=1536183510 total_filtered=0
total_time=210.4295s final_recall=0.864099

--- Per-Iteration ---
Iter  Updates   DistComps     Filtered      Rate%     CumulDist     Recall    
------------------------------------------------------------------------------
1     36267974  195006939     0             0.00      205006939     0.0004    
2     19097120  216571860     0             0.00      421578799     0.0042    
3     15799585  215657440     0             0.00      637236239     0.0296    
4     13247259  215257574     0             0.00      852493813     0.1434    
5     10041997  217391035     0             0.00      1069884848    0.3906    
6     5827547   209775928     0             0.00      1279660776    0.6372    
7     2470834   143273958     0             0.00      1422934734    0.7717    
8     916540    68217371      0             0.00      1491152105    0.8278    
9     339051    27413474      0             0.00      1518565579    0.8496    
10    132360    10591870      0             0.00      1529157449    0.8581    
11    54748     4215035       0             0.00      1533372484    0.8617    
12    23147     1750974       0             0.00      1535123458    0.8632    
13    10029     741043        0             0.00      1535864501    0.8638    
14    4231      319009        0             0.00      1536183510    0.8641    

--- CSV ---
iter,dist_comps,filtered,filter_rate,updates,cumul_dist,recall
1,195006939,0,0.000000,36267974,205006939,0.000403
2,216571860,0,0.000000,19097120,421578799,0.004193
3,215657440,0,0.000000,15799585,637236239,0.029648
4,215257574,0,0.000000,13247259,852493813,0.143433
5,217391035,0,0.000000,10041997,1069884848,0.390627
6,209775928,0,0.000000,5827547,1279660776,0.637204
7,143273958,0,0.000000,2470834,1422934734,0.771676
8,68217371,0,0.000000,916540,1491152105,0.827820
9,27413474,0,0.000000,339051,1518565579,0.849552
10,10591870,0,0.000000,132360,1529157449,0.858143
11,4215035,0,0.000000,54748,1533372484,0.861685
12,1750974,0,0.000000,23147,1535123458,0.863186
13,741043,0,0.000000,10029,1535864501,0.863829
14,319009,0,0.000000,4231,1536183510,0.864099

================================================================
