================================================================
  NN-Descent Experiment Report
  Generated: Wed Apr 15 19:28:16 2026
================================================================

--- Configuration ---
n=1000000 dim=128 k=10
init=Random metric=Euclidean
rho=0.5 delta=0.001 max_iter=20
filter=OFF

--- Summary ---
init_dist_comps=10000000 init_time=3.3642s
iterations=14 total_dist=1506169064 total_filtered=0
total_time=208.5647s final_recall=0.861302

--- Per-Iteration ---
Iter  Updates   DistComps     Filtered      Rate%     CumulDist     Recall    
------------------------------------------------------------------------------
1     36267918  195005875     0             0.00      205005875     0.0004    
2     18920478  209309270     0             0.00      414315145     0.0041    
3     15538128  205452733     0             0.00      619767878     0.0284    
4     13046123  205138371     0             0.00      824906249     0.1349    
5     10026324  207535394     0             0.00      1032441643    0.3707    
6     6032856   205423880     0             0.00      1237865523    0.6192    
7     2650105   147076055     0             0.00      1384941578    0.7611    
8     998721    72364536      0             0.00      1457306114    0.8217    
9     372957    29601778      0             0.00      1486907892    0.8454    
10    145647    11581372      0             0.00      1498489264    0.8548    
11    59616     4617902       0             0.00      1503107166    0.8587    
12    25212     1898284       0             0.00      1505005450    0.8603    
13    11208     807431        0             0.00      1505812881    0.8610    
14    4900      356183        0             0.00      1506169064    0.8613    

--- CSV ---
iter,dist_comps,filtered,filter_rate,updates,cumul_dist,recall
1,195005875,0,0.000000,36267918,205005875,0.000403
2,209309270,0,0.000000,18920478,414315145,0.004135
3,205452733,0,0.000000,15538128,619767878,0.028367
4,205138371,0,0.000000,13046123,824906249,0.134855
5,207535394,0,0.000000,10026324,1032441643,0.370728
6,205423880,0,0.000000,6032856,1237865523,0.619200
7,147076055,0,0.000000,2650105,1384941578,0.761147
8,72364536,0,0.000000,998721,1457306114,0.821706
9,29601778,0,0.000000,372957,1486907892,0.845409
10,11581372,0,0.000000,145647,1498489264,0.854825
11,4617902,0,0.000000,59616,1503107166,0.858663
12,1898284,0,0.000000,25212,1505005450,0.860278
13,807431,0,0.000000,11208,1505812881,0.860993
14,356183,0,0.000000,4900,1506169064,0.861302

================================================================
