================================================================
  NN-Descent Experiment Report
  Generated: Mon Apr 20 10:30:28 2026
================================================================

--- Configuration ---
n=1000000 dim=128 k=10
init=Random metric=Euclidean
rho=0.5 delta=0.001 max_iter=20
filter=projection m=8 pτ=0.65

--- Summary ---
init_dist_comps=10000000 init_time=3.3476s
iterations=14 total_dist=890076471 total_filtered=651626686
total_time=176.6168s final_recall=0.737275

--- Per-Iteration ---
Iter  Updates   DistComps     Filtered      Rate%     CumulDist     Recall    
------------------------------------------------------------------------------
1     33311907  77105113      117901826     60.46     87105113      0.0004    
2     17124516  125435699     90641092      41.95     212540812     0.0039    
3     14232133  124639849     90901913      42.17     337180661     0.0263    
4     12036747  125322450     89419609      41.64     462503111     0.1215    
5     9325194   128834079     87020560      40.31     591337190     0.3250    
6     5669517   128030817     78998495      38.16     719368007     0.5326    
7     2561303   92240137      52549000      36.29     811608144     0.6509    
8     1000781   46208477      25785956      35.82     857816621     0.7023    
9     387706    19282480      10904819      36.12     877099101     0.7231    
10    154549    7732250       4452588       36.54     884831351     0.7314    
11    64595     3130806       1813208       36.67     887962157     0.7349    
12    27723     1311587       767008        36.90     889273744     0.7364    
13    11818     562323        328945        36.91     889836067     0.7370    
14    5364      240404        141667        37.08     890076471     0.7373    

--- CSV ---
iter,dist_comps,filtered,filter_rate,updates,cumul_dist,recall
1,77105113,117901826,0.604603,33311907,87105113,0.000402
2,125435699,90641092,0.419486,17124516,212540812,0.003947
3,124639849,90901913,0.421737,14232133,337180661,0.026321
4,125322450,89419609,0.416405,12036747,462503111,0.121525
5,128834079,87020560,0.403144,9325194,591337190,0.324965
6,128030817,78998495,0.381581,5669517,719368007,0.532575
7,92240137,52549000,0.362935,2561303,811608144,0.650939
8,46208477,25785956,0.358166,1000781,857816621,0.702328
9,19282480,10904819,0.361239,387706,877099101,0.723079
10,7732250,4452588,0.365420,154549,884831351,0.731380
11,3130806,1813208,0.366748,64595,887962157,0.734867
12,1311587,767008,0.369003,27723,889273744,0.736363
13,562323,328945,0.369075,11818,889836067,0.736991
14,240404,141667,0.370787,5364,890076471,0.737275

================================================================
