================================================================
  NN-Descent Experiment Report
  Generated: Wed Apr 15 19:14:50 2026
================================================================

--- Configuration ---
n=1000000 dim=128 k=10
init=Random metric=Euclidean
rho=0.5 delta=0.001 max_iter=20
filter=OFF

--- Summary ---
init_dist_comps=10000000 init_time=3.3414s
iterations=16 total_dist=1125563616 total_filtered=0
total_time=177.9353s final_recall=0.806986

--- Per-Iteration ---
Iter  Updates   DistComps     Filtered      Rate%     CumulDist     Recall    
------------------------------------------------------------------------------
1     30185639  104417275     0             0.00      114417275     0.0002    
2     16473873  105944104     0             0.00      220361379     0.0017    
3     13341886  119357076     0             0.00      339718455     0.0090    
4     11454806  125176035     0             0.00      464894490     0.0380    
5     9868482   126821040     0             0.00      591715530     0.1217    
6     8008204   127224489     0             0.00      718940019     0.2786    
7     5768607   127870334     0             0.00      846810353     0.4685    
8     3525673   116130260     0             0.00      962940613     0.6246    
9     1806174   80237683      0             0.00      1043178296    0.7185    
10    834513    43598173      0             0.00      1086776469    0.7657    
11    376568    20962966      0             0.00      1107739435    0.7879    
12    172697    9692039       0             0.00      1117431474    0.7982    
13    81254     4496918       0             0.00      1121928392    0.8031    
14    38636     2128883       0             0.00      1124057275    0.8054    
15    18726     1014992       0             0.00      1125072267    0.8064    
16    8956      491349        0             0.00      1125563616    0.8070    

--- CSV ---
iter,dist_comps,filtered,filter_rate,updates,cumul_dist,recall
1,104417275,0,0.000000,30185639,114417275,0.000218
2,105944104,0,0.000000,16473873,220361379,0.001697
3,119357076,0,0.000000,13341886,339718455,0.009042
4,125176035,0,0.000000,11454806,464894490,0.037984
5,126821040,0,0.000000,9868482,591715530,0.121747
6,127224489,0,0.000000,8008204,718940019,0.278557
7,127870334,0,0.000000,5768607,846810353,0.468465
8,116130260,0,0.000000,3525673,962940613,0.624617
9,80237683,0,0.000000,1806174,1043178296,0.718494
10,43598173,0,0.000000,834513,1086776469,0.765735
11,20962966,0,0.000000,376568,1107739435,0.787860
12,9692039,0,0.000000,172697,1117431474,0.798189
13,4496918,0,0.000000,81254,1121928392,0.803053
14,2128883,0,0.000000,38636,1124057275,0.805360
15,1014992,0,0.000000,18726,1125072267,0.806449
16,491349,0,0.000000,8956,1125563616,0.806986

================================================================
