================================================================
  NN-Descent Experiment Report
  Generated: Mon Apr 20 10:27:31 2026
================================================================

--- Configuration ---
n=1000000 dim=128 k=10
init=Random metric=Euclidean
rho=0.5 delta=0.001 max_iter=20
filter=projection m=8 pτ=0.7

--- Summary ---
init_dist_comps=10000000 init_time=3.3536s
iterations=14 total_dist=940716621 total_filtered=599831228
total_time=180.3142s final_recall=0.760965

--- Per-Iteration ---
Iter  Updates   DistComps     Filtered      Rate%     CumulDist     Recall    
------------------------------------------------------------------------------
1     33896292  84040842      110966097     56.90     94040842      0.0004    
2     17466748  133679843     82506246      38.16     227720685     0.0040    
3     14491625  132303319     83263502      38.63     360024004     0.0270    
4     12226536  132609397     82240732      38.28     492633401     0.1259    
5     9433920   136048194     80089888      37.05     628681595     0.3373    
6     5685512   134884639     72658775      35.01     763566234     0.5517    
7     2543088   96302218      48068744      33.30     859868452     0.6732    
8     984405    47828133      23431062      32.88     907696585     0.7257    
9     378059    19823962      9876628       33.25     927520547     0.7466    
10    150665    7869891       3992732       33.66     935390438     0.7551    
11    62429     3180982       1633332       33.93     938571420     0.7585    
12    27034     1325387       680134        33.91     939896807     0.7601    
13    11495     574112        296302        34.04     940470919     0.7607    
14    5059      245702        127054        34.09     940716621     0.7610    

--- CSV ---
iter,dist_comps,filtered,filter_rate,updates,cumul_dist,recall
1,84040842,110966097,0.569037,33896292,94040842,0.000402
2,133679843,82506246,0.381645,17466748,227720685,0.004002
3,132303319,83263502,0.386254,14491625,360024004,0.027035
4,132609397,82240732,0.382782,12226536,492633401,0.125868
5,136048194,80089888,0.370550,9433920,628681595,0.337266
6,134884639,72658775,0.350090,5685512,763566234,0.551670
7,96302218,48068744,0.332953,2543088,859868452,0.673226
8,47828133,23431062,0.328815,984405,907696585,0.725711
9,19823962,9876628,0.332540,378059,927520547,0.746642
10,7869891,3992732,0.336581,150665,935390438,0.755056
11,3180982,1633332,0.339266,62429,938571420,0.758547
12,1325387,680134,0.339131,27034,939896807,0.760062
13,574112,296302,0.340415,11495,940470919,0.760689
14,245702,127054,0.340850,5059,940716621,0.760965

================================================================
