================================================================
  NN-Descent Experiment Report
  Generated: Wed Apr 15 19:18:00 2026
================================================================

--- Configuration ---
n=1000000 dim=128 k=10
init=Random metric=Euclidean
rho=0.5 delta=0.001 max_iter=20
filter=OFF

--- Summary ---
init_dist_comps=10000000 init_time=3.3246s
iterations=15 total_dist=1293619345 total_filtered=0
total_time=189.7562s final_recall=0.836701

--- Per-Iteration ---
Iter  Updates   DistComps     Filtered      Rate%     CumulDist     Recall    
------------------------------------------------------------------------------
1     34805107  167871768     0             0.00      177871768     0.0003    
2     17245091  145044188     0             0.00      322915956     0.0030    
3     14040538  150769729     0             0.00      473685685     0.0175    
4     11969945  153881577     0             0.00      627567262     0.0763    
5     9933828   155815406     0             0.00      783382668     0.2274    
6     7275841   159563575     0             0.00      942946243     0.4481    
7     4324252   152327191     0             0.00      1095273434    0.6399    
8     2028040   104508310     0             0.00      1199781744    0.7492    
9     842010    53087258      0             0.00      1252869002    0.7992    
10    345334    23390341      0             0.00      1276259343    0.8205    
11    146691    9918599       0             0.00      1286177942    0.8296    
12    65025     4284578       0             0.00      1290462520    0.8337    
13    28954     1912656       0             0.00      1292375176    0.8355    
14    13105     855912        0             0.00      1293231088    0.8363    
15    6155      388257        0             0.00      1293619345    0.8367    

--- CSV ---
iter,dist_comps,filtered,filter_rate,updates,cumul_dist,recall
1,167871768,0,0.000000,34805107,177871768,0.000349
2,145044188,0,0.000000,17245091,322915956,0.003039
3,150769729,0,0.000000,14040538,473685685,0.017519
4,153881577,0,0.000000,11969945,627567262,0.076263
5,155815406,0,0.000000,9933828,783382668,0.227420
6,159563575,0,0.000000,7275841,942946243,0.448121
7,152327191,0,0.000000,4324252,1095273434,0.639854
8,104508310,0,0.000000,2028040,1199781744,0.749234
9,53087258,0,0.000000,842010,1252869002,0.799183
10,23390341,0,0.000000,345334,1276259343,0.820470
11,9918599,0,0.000000,146691,1286177942,0.829591
12,4284578,0,0.000000,65025,1290462520,0.833680
13,1912656,0,0.000000,28954,1292375176,0.835507
14,855912,0,0.000000,13105,1293231088,0.836322
15,388257,0,0.000000,6155,1293619345,0.836701

================================================================
