================================================================
  NN-Descent Experiment Report
  Generated: Tue Apr 14 19:18:57 2026
================================================================

--- Configuration ---
n=1000000 dim=128 k=10
init=Random metric=Euclidean
rho=0.5 delta=0.001 max_iter=20
filter=projection m=32 pτ=0.6

--- Summary ---
init_dist_comps=10000000 init_time=5.3788s
iterations=14 total_dist=565976849 total_filtered=962113381
total_time=177.8684s final_recall=0.776187

--- Per-Iteration ---
Iter  Updates   DistComps     Filtered      Rate%     CumulDist     Recall    
------------------------------------------------------------------------------
1     33088265  44144280      150862659     77.36     54144280      0.0004    
2     17026261  82673363      133423244     61.74     136817643     0.0041    
3     14078154  78090274      137246317     63.74     214907917     0.0278    
4     11860853  77279060      137189344     63.97     292186977     0.1311    
5     9105050   80573639      134905550     62.61     372760616     0.3506    
6     5439163   83154715      122481785     59.56     455915331     0.5688    
7     2406060   60510085      80297725      57.03     516425416     0.6898    
8     929126    29673582      38671246      56.58     546098998     0.7416    
9     355340    12052188      16125006      57.23     558151186     0.7621    
10    141707    4687488       6479664       58.02     562838674     0.7704    
11    58833     1879165       2648581       58.50     564717839     0.7739    
12    24922     778520        1108026       58.73     565496359     0.7753    
13    11052     331933        466950        58.45     565828292     0.7759    
14    4609      148557        207284        58.25     565976849     0.7762    

--- CSV ---
iter,dist_comps,filtered,filter_rate,updates,cumul_dist,recall
1,44144280,150862659,0.773627,33088265,54144280,0.000403
2,82673363,133423244,0.617424,17026261,136817643,0.004054
3,78090274,137246317,0.637357,14078154,214907917,0.027824
4,77279060,137189344,0.639672,11860853,292186977,0.131051
5,80573639,134905550,0.626072,9105050,372760616,0.350619
6,83154715,122481785,0.595623,5439163,455915331,0.568805
7,60510085,80297725,0.570265,2406060,516425416,0.689819
8,29673582,38671246,0.565825,929126,546098998,0.741633
9,12052188,16125006,0.572272,355340,558151186,0.762142
10,4687488,6479664,0.580243,141707,562838674,0.770435
11,1879165,2648581,0.584967,58833,564717839,0.773860
12,778520,1108026,0.587330,24922,565496359,0.775285
13,331933,466950,0.584504,11052,565828292,0.775925
14,148557,207284,0.582519,4609,565976849,0.776187

================================================================
