================================================================
  NN-Descent Experiment Report
  Generated: Wed Apr 15 19:11:51 2026
================================================================

--- Configuration ---
n=1000000 dim=128 k=10
init=Random metric=Euclidean
rho=0.5 delta=0.001 max_iter=20
filter=OFF

--- Summary ---
init_dist_comps=10000000 init_time=3.3041s
iterations=20 total_dist=893078775 total_filtered=0
total_time=166.3502s final_recall=0.729111

--- Per-Iteration ---
Iter  Updates   DistComps     Filtered      Rate%     CumulDist     Recall    
------------------------------------------------------------------------------
1     22260438  45000000      0             0.00      55000000      0.0001    
2     15704164  65437590      0             0.00      120437590     0.0007    
3     12099056  77625731      0             0.00      198063321     0.0030    
4     10461551  86291438      0             0.00      284354759     0.0112    
5     9085401   87623351      0             0.00      371978110     0.0354    
6     7881636   86657181      0             0.00      458635291     0.0914    
7     6626272   84571205      0             0.00      543206496     0.1882    
8     5270061   82045116      0             0.00      625251612     0.3145    
9     3897470   77715242      0             0.00      702966854     0.4438    
10    2649378   67359088      0             0.00      770325942     0.5512    
11    1632987   50043860      0             0.00      820369802     0.6259    
12    932822    32058130      0             0.00      852427932     0.6717    
13    511503    18562832      0             0.00      870990764     0.6978    
14    276386    10235782      0             0.00      881226546     0.7122    
15    149744    5541659       0             0.00      886768205     0.7200    
16    81761     3000385       0             0.00      889768590     0.7243    
17    44735     1640803       0             0.00      891409393     0.7267    
18    24736     897340        0             0.00      892306733     0.7280    
19    13834     494598        0             0.00      892801331     0.7287    
20    7668      277444        0             0.00      893078775     0.7291    

--- CSV ---
iter,dist_comps,filtered,filter_rate,updates,cumul_dist,recall
1,45000000,0,0.000000,22260438,55000000,0.000103
2,65437590,0,0.000000,15704164,120437590,0.000655
3,77625731,0,0.000000,12099056,198063321,0.002968
4,86291438,0,0.000000,10461551,284354759,0.011187
5,87623351,0,0.000000,9085401,371978110,0.035367
6,86657181,0,0.000000,7881636,458635291,0.091425
7,84571205,0,0.000000,6626272,543206496,0.188220
8,82045116,0,0.000000,5270061,625251612,0.314549
9,77715242,0,0.000000,3897470,702966854,0.443813
10,67359088,0,0.000000,2649378,770325942,0.551164
11,50043860,0,0.000000,1632987,820369802,0.625861
12,32058130,0,0.000000,932822,852427932,0.671697
13,18562832,0,0.000000,511503,870990764,0.697792
14,10235782,0,0.000000,276386,881226546,0.712165
15,5541659,0,0.000000,149744,886768205,0.720033
16,3000385,0,0.000000,81761,889768590,0.724330
17,1640803,0,0.000000,44735,891409393,0.726691
18,897340,0,0.000000,24736,892306733,0.727987
19,494598,0,0.000000,13834,892801331,0.728705
20,277444,0,0.000000,7668,893078775,0.729111

================================================================
