================================================================
  NN-Descent Experiment Report
  Generated: Sun Mar 22 18:18:06 2026
================================================================

--- Configuration ---
n=1000000 dim=128 k=10
init=Random metric=Euclidean
rho=0.5 delta=0.001 max_iter=20
filter=projection m=32 pτ=0.95

--- Summary ---
init_dist_comps=10000000 init_time=5.4579s
iterations=13 total_dist=1043377720 total_filtered=491701006
total_time=230.4075s final_recall=0.858868

--- Per-Iteration ---
Iter  Updates   DistComps     Filtered      Rate%     CumulDist     Recall    
------------------------------------------------------------------------------
1     36033162  81245275      113761664     58.34     91245275      0.0004    
2     18939614  155078405     61471697      28.39     246323680     0.0042    
3     15665749  150835339     64821817      30.06     397159019     0.0296    
4     13138011  149842189     65426735      30.39     547001208     0.1428    
5     9965156   153669946     63642332      29.29     700671154     0.3887    
6     5791381   152939887     56574242      27.00     853611041     0.6338    
7     2458790   106545276     36492335      25.51     960156317     0.7674    
8     912139    50582522      17493445      25.70     1010738839    0.8230    
9     339625    20073317      7263466       26.57     1030812156    0.8447    
10    132692    7719816       2901726       27.32     1038531972    0.8533    
11    54162     3055544       1164181       27.59     1041587516    0.8568    
12    23004     1255590       482305        27.75     1042843106    0.8582    
13    9841      534614        205061        27.72     1043377720    0.8589    

--- CSV ---
iter,dist_comps,filtered,filter_rate,updates,cumul_dist,recall
1,81245275,113761664,0.583372,36033162,91245275,0.000403
2,155078405,61471697,0.283868,18939614,246323680,0.004189
3,150835339,64821817,0.300578,15665749,397159019,0.029574
4,149842189,65426735,0.303930,13138011,547001208,0.142846
5,153669946,63642332,0.292861,9965156,700671154,0.388654
6,152939887,56574242,0.270026,5791381,853611041,0.633796
7,106545276,36492335,0.255124,2458790,960156317,0.767426
8,50582522,17493445,0.256969,912139,1010738839,0.823010
9,20073317,7263466,0.265703,339625,1030812156,0.844688
10,7719816,2901726,0.273193,132692,1038531972,0.853279
11,3055544,1164181,0.275890,54162,1041587516,0.856760
12,1255590,482305,0.277523,23004,1042843106,0.858240
13,534614,205061,0.277231,9841,1043377720,0.858868

================================================================
