================================================================
  NN-Descent Experiment Report
  Generated: Sun Mar 22 18:06:17 2026
================================================================

--- Configuration ---
n=1000000 dim=128 k=10
init=Random metric=Euclidean
rho=0.5 delta=0.001 max_iter=20
filter=projection m=32 pτ=0.99

--- Summary ---
init_dist_comps=10000000 init_time=5.4395s
iterations=13 total_dist=1233470820 total_filtered=302292133
total_time=245.3297s final_recall=0.863297

--- Per-Iteration ---
Iter  Updates   DistComps     Filtered      Rate%     CumulDist     Recall    
------------------------------------------------------------------------------
1     36233381  98902258      96104681      49.28     108902258     0.0004    
2     19074202  182563721     34005427      15.70     291465979     0.0042    
3     15779929  179639407     36026184      16.70     471105386     0.0296    
4     13233696  178913387     36338528      16.88     650018773     0.1434    
5     10030692  182592352     34808739      16.01     832611125     0.3903    
6     5820721   179549680     30205364      14.40     1012160805    0.6366    
7     2470806   123984220     19200984      13.41     1136145025    0.7711    
8     915092    59016961      9222183       13.51     1195161986    0.8273    
9     340163    23527423      3849492       14.06     1218689409    0.8491    
10    132340    9081068       1541618       14.51     1227770477    0.8577    
11    54444     3588127       621046        14.75     1231358604    0.8612    
12    22991     1486661       258633        14.82     1232845265    0.8627    
13    9982      625555        109254        14.87     1233470820    0.8633    

--- CSV ---
iter,dist_comps,filtered,filter_rate,updates,cumul_dist,recall
1,98902258,96104681,0.492827,36233381,108902258,0.000403
2,182563721,34005427,0.157019,19074202,291465979,0.004197
3,179639407,36026184,0.167047,15779929,471105386,0.029647
4,178913387,36338528,0.168819,13233696,650018773,0.143375
5,182592352,34808739,0.160113,10030692,832611125,0.390325
6,179549680,30205364,0.144003,5820721,1012160805,0.636585
7,123984220,19200984,0.134099,2470806,1136145025,0.771117
8,59016961,9222183,0.135145,915092,1195161986,0.827251
9,23527423,3849492,0.140611,340163,1218689409,0.849067
10,9081068,1541618,0.145125,132340,1227770477,0.857651
11,3588127,621046,0.147546,54444,1231358604,0.861166
12,1486661,258633,0.148189,22991,1232845265,0.862658
13,625555,109254,0.148684,9982,1233470820,0.863297

================================================================
