================================================================
  NN-Descent Experiment Report
  Generated: Mon Apr 20 10:18:13 2026
================================================================

--- Configuration ---
n=1000000 dim=128 k=10
init=Random metric=Euclidean
rho=0.5 delta=0.001 max_iter=20
filter=projection m=8 pτ=0.85

--- Summary ---
init_dist_comps=10000000 init_time=3.4107s
iterations=14 total_dist=1123882147 total_filtered=413777632
total_time=193.8520s final_recall=0.821850

--- Per-Iteration ---
Iter  Updates   DistComps     Filtered      Rate%     CumulDist     Recall    
------------------------------------------------------------------------------
1     35329548  110210917     84796022      43.48     120210917     0.0004    
2     18377426  162367073     54071148      24.98     282577990     0.0041    
3     15199587  159621426     55983110      25.97     442199416     0.0286    
4     12769579  158972068     56120570      26.09     601171484     0.1366    
5     9747679   162134449     54830841      25.27     763305933     0.3691    
6     5747116   159253511     49474558      23.70     922559444     0.6021    
7     2492094   111281569     32267223      22.48     1033841013    0.7311    
8     942603    53835035      15486784      22.34     1087676048    0.7857    
9     357191    21882400      6430943       22.71     1109558448    0.8073    
10    140464    8596019       2582162       23.10     1118154467    0.8159    
11    57703     3441841       1041691       23.23     1121596308    0.8194    
12    24473     1421965       431427        23.28     1123018273    0.8209    
13    10544     603558        182234        23.19     1123621831    0.8216    
14    4762      260316        78919         23.26     1123882147    0.8218    

--- CSV ---
iter,dist_comps,filtered,filter_rate,updates,cumul_dist,recall
1,110210917,84796022,0.434836,35329548,120210917,0.000403
2,162367073,54071148,0.249823,18377426,282577990,0.004129
3,159621426,55983110,0.259656,15199587,442199416,0.028647
4,158972068,56120570,0.260913,12769579,601171484,0.136642
5,162134449,54830841,0.252717,9747679,763305933,0.369093
6,159253511,49474558,0.237029,5747116,922559444,0.602129
7,111281569,32267223,0.224782,2492094,1033841013,0.731061
8,53835035,15486784,0.223404,942603,1087676048,0.785683
9,21882400,6430943,0.227135,357191,1109558448,0.807315
10,8596019,2582162,0.231000,140464,1118154467,0.815892
11,3441841,1041691,0.232337,57703,1121596308,0.819436
12,1421965,431427,0.232777,24473,1123018273,0.820935
13,603558,182234,0.231911,10544,1123621831,0.821568
14,260316,78919,0.232638,4762,1123882147,0.821850

================================================================
