================================================================
  NN-Descent Experiment Report
  Generated: Mon Apr 20 10:21:23 2026
================================================================

--- Configuration ---
n=1000000 dim=128 k=10
init=Random metric=Euclidean
rho=0.5 delta=0.001 max_iter=20
filter=projection m=8 pτ=0.8

--- Summary ---
init_dist_comps=10000000 init_time=3.3783s
iterations=14 total_dist=1055920263 total_filtered=482709950
total_time=189.0906s final_recall=0.803241

--- Per-Iteration ---
Iter  Updates   DistComps     Filtered      Rate%     CumulDist     Recall    
------------------------------------------------------------------------------
1     34903887  100243831     94763108      48.59     110243831     0.0004    
2     18091016  151927230     64443950      29.78     262171061     0.0041    
3     14971150  149548611     66054781      30.64     411719672     0.0281    
4     12592447  149202494     65815994      30.61     560922166     0.1333    
5     9647653   152460682     64241467      29.65     713382848     0.3591    
6     5728883   150263755     58129533      27.89     863646603     0.5867    
7     2509799   105771002     38114226      26.49     969417605     0.7134    
8     956758    51612158      18343100      26.22     1021029763    0.7676    
9     361678    21094851      7665355       26.65     1042124614    0.7888    
10    143196    8262945       3061677       27.04     1050387559    0.7974    
11    59122     3326828       1246950       27.26     1053714387    0.8009    
12    24556     1374479       519835        27.44     1055088866    0.8023    
13    10887     576510        215200        27.18     1055665376    0.8030    
14    4731      254887        94774         27.10     1055920263    0.8032    

--- CSV ---
iter,dist_comps,filtered,filter_rate,updates,cumul_dist,recall
1,100243831,94763108,0.485947,34903887,110243831,0.000403
2,151927230,64443950,0.297840,18091016,262171061,0.004099
3,149548611,66054781,0.306372,14971150,411719672,0.028142
4,149202494,65815994,0.306095,12592447,560922166,0.133306
5,152460682,64241467,0.296451,9647653,713382848,0.359139
6,150263755,58129533,0.278941,5728883,863646603,0.586692
7,105771002,38114226,0.264893,2509799,969417605,0.713425
8,51612158,18343100,0.262212,956758,1021029763,0.767573
9,21094851,7665355,0.266526,361678,1042124614,0.788833
10,8262945,3061677,0.270356,143196,1050387559,0.797365
11,3326828,1246950,0.272630,59122,1053714387,0.800885
12,1374479,519835,0.274419,24556,1055088866,0.802313
13,576510,215200,0.271817,10887,1055665376,0.802964
14,254887,94774,0.271045,4731,1055920263,0.803241

================================================================
